0.003039886532503207 0.000769988495979534
0.003086442235305155 0.0007361972044146305
0.00312177056270396 0.0007220715083823893
0.003153608727131464 0.000714384058152479
0.0031847694903557795 0.0007019374737744939
0.0032140637647315408 0.0007030736986740749
0.0032411396309112704 0.0007030048875563465
0.003261380543561617 0.0006966822924645716
0.0032863218980359265 0.0006918528004305678
0.003312971808586357 0.0006906882748276206
0.003334340429785962 0.0006904369449728066
0.0033587395779042634 0.0006956877156274116
0.0033832816589194166 0.000693915389114461
0.003407868976916268 0.0006881778961540796
0.0034436874068463517 0.0006930570191968979
0.0034680350475542175 0.0006860704178953348
0.003492706715866176 0.0006849993462579659
0.003509877703330376 0.0006856300762969727
0.0035365086580235335 0.0006841609012801862
0.0035563253296776965 0.0006795532909819838
