566.522354739702 0.38556629682961585
658.6717261187873 3.891575635147472
707.1614634326783 3.2796387048682463
736.522255993603 1.612550184002794
754.5389112731701 0.7196568875591761
767.3934267451516 1.837495123251137
777.3271029325927 2.6449740216759796
786.5732951653478 2.5107492466118515
793.9857779411944 2.828525590938547
799.0834772547714 2.462706488947207
803.5138181453406 2.300122251784387
807.402167804534 1.7477473973312678
810.9001020604861 1.3133501834565235
813.6296284877861 1.5510062108692515
816.7450122827375 1.3969943916238896
819.1805389881575 1.2242592806845145
821.3762523150269 1.137981384142145
823.388286274273 0.6515203106153435
824.8935719590957 0.7848840133724102
826.4330130790268 0.6059469746522079
