0.0017743387250145123 1.6631800538687555e-06
0.0021193232141150826 2.0927364256409633e-05
0.002435625943243069 3.924183372476511e-05
0.00270916791658101 5.921537775076537e-05
0.002935257924599759 6.116785638647002e-05
0.0031486494629930284 5.529495711276374e-05
0.003348256705576022 4.8109141410504186e-05
0.003517936757721409 7.478734524861217e-05
0.0036660614434696273 8.517490216318785e-05
0.003812813155235152 7.205477794501824e-05
0.0039626983990434135 6.38670440455975e-05
0.004075701570102648 5.33115449638357e-05
0.004195217842038444 4.581441086568768e-05
0.004296452677582054 4.503999688061147e-05
0.0043893249336841925 5.4818998307582125e-05
0.004468939726539586 5.026043956766005e-05
0.004541298961955885 4.671298168594228e-05
0.004628706329088671 5.564716865578234e-05
0.004716923702730255 4.991109310111383e-05
0.004786287380966351 5.515443130107356e-05
