(0, 578.3368832133798)
(1, 578.3368832133798)
(2, 578.3368832133798)
(3, 578.3368832133798)
(4, 580.8854546979853)
(5, 580.8854546979853)
(6, 580.8854546979853)
(7, 580.8854546979853)
(8, 580.8854546979853)
(9, 580.8854546979853)
(10, 580.8854546979853)
(11, 580.8854546979853)
(12, 580.8854546979853)
(13, 580.8854546979853)
(14, 580.8854546979853)
(15, 580.8854546979853)
(16, 580.8854546979853)
(17, 580.8854546979853)
(18, 580.8854546979853)
(19, 580.8854546979853)
(20, 580.8854546979853)
(21, 580.8854546979853)
(22, 580.8854546979853)
(23, 580.8854546979853)
(24, 580.8854546979853)
(25, 580.8854546979853)
(26, 580.8854546979853)
(27, 580.8854546979853)
(28, 580.8854546979853)
(29, 580.8854546979853)
(30, 580.8854546979853)
(31, 580.8854546979853)
(32, 580.8854546979853)
(33, 580.8854546979853)
(34, 580.8854546979853)
(35, 580.8854546979853)
(36, 580.8854546979853)
(37, 580.8854546979853)
(38, 580.8854546979853)
(39, 580.8854546979853)
(40, 580.8854546979853)
(41, 580.8854546979853)
(42, 580.8854546979853)
(43, 580.8854546979853)
(44, 581.1544996393042)
(45, 581.1544996393042)
(46, 581.1544996393042)
(47, 581.1544996393042)
(48, 581.1544996393042)
(49, 581.1544996393042)
(50, 581.1544996393042)
(51, 581.1544996393042)
(52, 581.1544996393042)
(53, 581.1544996393042)
(54, 581.1544996393042)
(55, 581.1544996393042)
(56, 581.1544996393042)
(57, 581.1544996393042)
(58, 581.1544996393042)
(59, 581.1544996393042)
(60, 581.1544996393042)
(61, 581.1544996393042)
(62, 584.3847124256329)
(63, 584.3847124256329)
(64, 584.3847124256329)
(65, 584.3847124256329)
(66, 584.3847124256329)
(67, 584.3847124256329)
(68, 584.3847124256329)
(69, 587.3782283470791)
(70, 587.3782283470791)
(71, 587.3782283470791)
(72, 587.3782283470791)
(73, 587.3782283470791)
(74, 587.3782283470791)
(75, 587.3782283470791)
(76, 587.3782283470791)
(77, 587.3782283470791)
(78, 587.3782283470791)
(79, 588.5936039322845)
(80, 588.5936039322845)
(81, 588.5936039322845)
(82, 588.5936039322845)
(83, 588.5936039322845)
(84, 588.5936039322845)
(85, 588.5936039322845)
(86, 588.5936039322845)
(87, 588.5936039322845)
(88, 588.5936039322845)
(89, 588.5936039322845)
(90, 588.5936039322845)
(91, 588.5936039322845)
(92, 588.5936039322845)
(93, 588.5936039322845)
(94, 588.5936039322845)
(95, 588.5936039322845)
(96, 588.5936039322845)
(97, 588.5936039322845)
(98, 588.5936039322845)
(99, 588.5936039322845)
(100, 588.5936039322845)
(101, 588.5936039322845)
(102, 588.5936039322845)
(103, 588.5936039322845)
(104, 588.5936039322845)
(105, 588.5936039322845)
(106, 588.5936039322845)
(107, 588.5936039322845)
(108, 588.5936039322845)
(109, 588.5936039322845)
(110, 588.5936039322845)
(111, 588.5936039322845)
(112, 588.6712534544592)
(113, 588.6712534544592)
(114, 588.6712534544592)
(115, 588.6712534544592)
(116, 588.6712534544592)
(117, 588.6712534544592)
(118, 588.6712534544592)
(119, 588.6712534544592)
(120, 588.6712534544592)
(121, 588.6712534544592)
(122, 588.6712534544592)
(123, 588.6712534544592)
(124, 588.6712534544592)
(125, 588.6712534544592)
(126, 588.6712534544592)
(127, 588.6712534544592)
(128, 588.6712534544592)
(129, 588.6712534544592)
(130, 588.6712534544592)
(131, 588.6712534544592)
(132, 588.6712534544592)
(133, 588.6712534544592)
(134, 588.6712534544592)
(135, 588.6712534544592)
(136, 588.6712534544592)
(137, 588.6712534544592)
(138, 588.6712534544592)
(139, 588.6712534544592)
(140, 588.6712534544592)
(141, 588.6712534544592)
(142, 588.6712534544592)
(143, 588.6712534544592)
(144, 588.6712534544592)
(145, 588.6712534544592)
(146, 588.6712534544592)
(147, 588.6712534544592)
(148, 588.6712534544592)
(149, 588.6712534544592)
(150, 588.6712534544592)
(151, 588.6712534544592)
(152, 588.6712534544592)
(153, 588.6712534544592)
(154, 588.6712534544592)
(155, 588.6712534544592)
(156, 588.6712534544592)
(157, 588.6712534544592)
(158, 588.6712534544592)
(159, 588.6712534544592)
(160, 588.6712534544592)
(161, 588.6712534544592)
(162, 588.6712534544592)
(163, 588.6712534544592)
(164, 588.6712534544592)
(165, 588.6712534544592)
(166, 588.6712534544592)
(167, 588.6712534544592)
(168, 588.6712534544592)
(169, 588.6712534544592)
(170, 588.6712534544592)
(171, 588.6712534544592)
(172, 588.6712534544592)
(173, 588.6712534544592)
(174, 588.6712534544592)
(175, 588.6712534544592)
(176, 588.6712534544592)
(177, 588.6712534544592)
(178, 588.6712534544592)
(179, 588.6712534544592)
(180, 588.6712534544592)
(181, 588.6712534544592)
(182, 588.6712534544592)
(183, 588.6712534544592)
(184, 588.6712534544592)
(185, 588.6712534544592)
(186, 588.6712534544592)
(187, 588.6712534544592)
(188, 588.6712534544592)
(189, 588.6712534544592)
(190, 588.6712534544592)
(191, 588.6712534544592)
(192, 588.6712534544592)
(193, 588.6712534544592)
(194, 588.6712534544592)
(195, 588.6712534544592)
(196, 588.6712534544592)
(197, 588.6712534544592)
(198, 588.6712534544592)
(199, 588.6712534544592)
(200, 588.6712534544592)
(201, 588.6712534544592)
(202, 588.6712534544592)
(203, 588.6712534544592)
(204, 588.6712534544592)
(205, 588.6712534544592)
(206, 588.6712534544592)
(207, 588.6712534544592)
(208, 588.6712534544592)
(209, 588.6712534544592)
(210, 588.6712534544592)
(211, 588.6712534544592)
(212, 588.6712534544592)
(213, 588.6712534544592)
(214, 588.6712534544592)
(215, 588.6712534544592)
(216, 588.6712534544592)
(217, 588.6712534544592)
(218, 588.6712534544592)
(219, 588.6712534544592)
(220, 588.6712534544592)
(221, 588.6712534544592)
(222, 588.6712534544592)
(223, 588.6712534544592)
(224, 588.6712534544592)
(225, 588.6712534544592)
(226, 588.6712534544592)
(227, 588.6712534544592)
(228, 588.6712534544592)
(229, 588.6712534544592)
(230, 588.6712534544592)
(231, 588.6712534544592)
(232, 588.6712534544592)
(233, 588.6712534544592)
(234, 588.6712534544592)
(235, 588.6712534544592)
(236, 588.6712534544592)
(237, 588.6712534544592)
(238, 588.6712534544592)
(239, 588.6712534544592)
(240, 588.6712534544592)
(241, 588.6712534544592)
(242, 588.6712534544592)
(243, 588.6712534544592)
(244, 588.6712534544592)
(245, 588.6712534544592)
(246, 588.6712534544592)
(247, 588.6712534544592)
(248, 588.6712534544592)
(249, 588.6712534544592)
(250, 588.6712534544592)
(251, 588.6712534544592)
(252, 588.6712534544592)
(253, 588.6712534544592)
(254, 599.4106782367629)
(255, 599.4106782367629)
(256, 599.4106782367629)
(257, 599.4106782367629)
(258, 599.4106782367629)
(259, 599.4106782367629)
(260, 599.4106782367629)
(261, 599.4106782367629)
(262, 599.4106782367629)
(263, 599.4106782367629)
(264, 599.4106782367629)
(265, 599.4106782367629)
(266, 599.4106782367629)
(267, 599.4106782367629)
(268, 599.4106782367629)
(269, 599.4106782367629)
(270, 599.4106782367629)
(271, 599.4106782367629)
(272, 599.4106782367629)
(273, 599.4106782367629)
(274, 599.4106782367629)
(275, 599.4106782367629)
(276, 599.4106782367629)
(277, 599.4106782367629)
(278, 599.4106782367629)
(279, 599.4106782367629)
(280, 599.4106782367629)
(281, 599.4106782367629)
(282, 599.4106782367629)
(283, 599.4106782367629)
(284, 599.4106782367629)
(285, 599.4106782367629)
(286, 599.4106782367629)
(287, 599.4106782367629)
(288, 599.4106782367629)
(289, 599.4106782367629)
(290, 599.4106782367629)
(291, 599.4106782367629)
(292, 599.4106782367629)
(293, 599.4106782367629)
(294, 599.4106782367629)
(295, 599.4106782367629)
(296, 599.4106782367629)
(297, 599.4106782367629)
(298, 599.4106782367629)
(299, 599.4106782367629)
(300, 599.4106782367629)
(301, 599.4106782367629)
(302, 599.4106782367629)
(303, 599.4106782367629)
(304, 599.4106782367629)
(305, 599.4106782367629)
(306, 599.4106782367629)
(307, 599.4106782367629)
(308, 599.4106782367629)
(309, 599.4106782367629)
(310, 599.4106782367629)
(311, 599.4106782367629)
(312, 599.4106782367629)
(313, 599.4106782367629)
(314, 599.4106782367629)
(315, 599.4106782367629)
(316, 599.4106782367629)
(317, 599.4106782367629)
(318, 599.4106782367629)
(319, 599.4106782367629)
(320, 599.4106782367629)
(321, 599.4106782367629)
(322, 599.4106782367629)
(323, 599.4106782367629)
(324, 599.4106782367629)
(325, 599.4106782367629)
(326, 599.4106782367629)
(327, 599.4106782367629)
(328, 599.4106782367629)
(329, 599.4106782367629)
(330, 599.4106782367629)
(331, 599.4106782367629)
(332, 599.4106782367629)
(333, 599.4106782367629)
(334, 599.4106782367629)
(335, 599.4106782367629)
(336, 599.4106782367629)
(337, 599.4106782367629)
(338, 599.4106782367629)
(339, 599.4106782367629)
(340, 599.4106782367629)
(341, 599.4106782367629)
(342, 599.4106782367629)
(343, 599.4106782367629)
(344, 599.4106782367629)
(345, 599.4106782367629)
(346, 599.4106782367629)
(347, 599.4106782367629)
(348, 599.4106782367629)
(349, 599.4106782367629)
(350, 599.4106782367629)
(351, 599.4106782367629)
(352, 599.4106782367629)
(353, 599.4106782367629)
(354, 599.4106782367629)
(355, 599.4106782367629)
(356, 599.4106782367629)
(357, 599.4106782367629)
(358, 599.4106782367629)
(359, 599.4106782367629)
(360, 599.4106782367629)
(361, 599.4106782367629)
(362, 599.4106782367629)
(363, 599.4106782367629)
(364, 599.4106782367629)
(365, 599.4106782367629)
(366, 599.4106782367629)
(367, 599.4106782367629)
(368, 599.4106782367629)
(369, 599.4106782367629)
(370, 599.4106782367629)
(371, 599.4106782367629)
(372, 599.4106782367629)
(373, 599.4106782367629)
(374, 599.4106782367629)
(375, 599.4106782367629)
(376, 599.4106782367629)
(377, 599.4106782367629)
(378, 599.4106782367629)
(379, 599.4106782367629)
(380, 599.4106782367629)
(381, 599.4106782367629)
(382, 599.4106782367629)
(383, 599.4106782367629)
(384, 599.4106782367629)
(385, 599.4106782367629)
(386, 599.4106782367629)
(387, 599.4106782367629)
(388, 599.4106782367629)
(389, 599.4106782367629)
(390, 599.4106782367629)
(391, 599.4106782367629)
(392, 599.4106782367629)
(393, 599.4106782367629)
(394, 599.4106782367629)
(395, 599.4106782367629)
(396, 599.4106782367629)
(397, 599.4106782367629)
(398, 599.4106782367629)
(399, 599.4106782367629)
(400, 599.4106782367629)
(401, 599.4106782367629)
(402, 599.4106782367629)
(403, 599.4106782367629)
(404, 599.4106782367629)
(405, 599.4106782367629)
(406, 599.4106782367629)
(407, 599.4106782367629)
(408, 599.4106782367629)
(409, 599.4106782367629)
(410, 599.4106782367629)
(411, 599.4106782367629)
(412, 599.4106782367629)
(413, 599.4106782367629)
(414, 599.4106782367629)
(415, 599.4106782367629)
(416, 599.4106782367629)
(417, 599.4106782367629)
(418, 599.4106782367629)
(419, 599.4106782367629)
(420, 599.4106782367629)
(421, 599.4106782367629)
(422, 599.4106782367629)
(423, 599.4106782367629)
(424, 599.4106782367629)
(425, 599.4106782367629)
(426, 599.4106782367629)
(427, 599.4106782367629)
(428, 599.4106782367629)
(429, 599.4106782367629)
(430, 599.4106782367629)
(431, 599.4106782367629)
(432, 599.4106782367629)
(433, 599.4106782367629)
(434, 599.4106782367629)
(435, 599.4106782367629)
(436, 599.4106782367629)
(437, 599.4106782367629)
(438, 599.4106782367629)
(439, 599.4106782367629)
(440, 599.4106782367629)
(441, 599.4106782367629)
(442, 599.4106782367629)
(443, 599.4106782367629)
(444, 599.4106782367629)
(445, 599.4106782367629)
(446, 599.4106782367629)
(447, 599.4106782367629)
(448, 599.4106782367629)
(449, 599.4106782367629)
(450, 599.4106782367629)
(451, 599.4106782367629)
(452, 599.4106782367629)
(453, 599.4106782367629)
(454, 599.4106782367629)
(455, 599.4106782367629)
(456, 599.4106782367629)
(457, 599.4106782367629)
(458, 599.4106782367629)
(459, 599.4106782367629)
(460, 599.4106782367629)
(461, 599.4106782367629)
(462, 599.4106782367629)
(463, 599.4106782367629)
(464, 599.4106782367629)
(465, 599.4106782367629)
(466, 599.4106782367629)
(467, 599.4106782367629)
(468, 599.4106782367629)
(469, 599.4106782367629)
(470, 599.4106782367629)
(471, 599.4106782367629)
(472, 599.4106782367629)
(473, 599.4106782367629)
(474, 599.4106782367629)
(475, 599.4106782367629)
(476, 599.4106782367629)
(477, 599.4106782367629)
(478, 599.4106782367629)
(479, 599.4106782367629)
(480, 599.4106782367629)
(481, 599.4106782367629)
(482, 599.4106782367629)
(483, 599.4106782367629)
(484, 599.4106782367629)
(485, 599.4106782367629)
(486, 599.4106782367629)
(487, 599.4106782367629)
(488, 599.4106782367629)
(489, 599.4106782367629)
(490, 599.4106782367629)
(491, 599.4106782367629)
(492, 599.4106782367629)
(493, 599.4106782367629)
(494, 599.4106782367629)
(495, 599.4106782367629)
(496, 599.4106782367629)
(497, 599.4106782367629)
(498, 599.4106782367629)
(499, 599.4106782367629)
(500, 599.4106782367629)
(501, 599.4106782367629)
(502, 599.4106782367629)
(503, 599.4106782367629)
(504, 599.4106782367629)
(505, 599.4106782367629)
(506, 599.4106782367629)
(507, 599.4106782367629)
(508, 599.4106782367629)
(509, 599.4106782367629)
(510, 599.4106782367629)
(511, 599.4106782367629)
(512, 599.4106782367629)
(513, 599.4106782367629)
(514, 599.4106782367629)
(515, 599.4106782367629)
(516, 599.4106782367629)
(517, 599.4106782367629)
(518, 599.4106782367629)
(519, 599.4106782367629)
(520, 599.4106782367629)
(521, 599.4106782367629)
(522, 599.4106782367629)
(523, 599.4106782367629)
(524, 599.4106782367629)
(525, 599.4106782367629)
(526, 599.4106782367629)
(527, 599.4106782367629)
(528, 599.4106782367629)
(529, 599.4106782367629)
(530, 599.4106782367629)
(531, 599.4106782367629)
(532, 599.4106782367629)
(533, 599.4106782367629)
(534, 599.4106782367629)
(535, 599.4106782367629)
(536, 599.4106782367629)
(537, 599.4106782367629)
(538, 599.4106782367629)
(539, 599.4106782367629)
(540, 599.4106782367629)
(541, 599.4106782367629)
(542, 599.4106782367629)
(543, 599.4106782367629)
(544, 599.4106782367629)
(545, 599.4106782367629)
(546, 599.4106782367629)
(547, 599.4106782367629)
(548, 599.4106782367629)
(549, 599.4106782367629)
(550, 599.4106782367629)
(551, 599.4106782367629)
(552, 599.4106782367629)
(553, 599.4106782367629)
(554, 599.4106782367629)
(555, 599.4106782367629)
(556, 599.4106782367629)
(557, 599.4106782367629)
(558, 599.4106782367629)
(559, 599.4106782367629)
(560, 599.4106782367629)
(561, 599.4106782367629)
(562, 599.4106782367629)
(563, 599.4106782367629)
(564, 599.4106782367629)
(565, 599.4106782367629)
(566, 599.4106782367629)
(567, 599.4106782367629)
(568, 599.4106782367629)
(569, 599.4106782367629)
(570, 599.4106782367629)
(571, 599.4106782367629)
(572, 599.4106782367629)
(573, 599.4106782367629)
(574, 599.4106782367629)
(575, 599.4106782367629)
(576, 599.4106782367629)
(577, 599.4106782367629)
(578, 599.4106782367629)
(579, 599.4106782367629)
(580, 599.4106782367629)
(581, 599.4106782367629)
(582, 599.4106782367629)
(583, 599.4106782367629)
(584, 599.4106782367629)
(585, 599.4106782367629)
(586, 599.4106782367629)
(587, 599.4106782367629)
(588, 599.4106782367629)
(589, 599.4106782367629)
(590, 599.4106782367629)
(591, 599.4106782367629)
(592, 599.4106782367629)
(593, 599.4106782367629)
(594, 599.4106782367629)
(595, 599.4106782367629)
(596, 599.4106782367629)
(597, 599.4106782367629)
(598, 599.4106782367629)
(599, 599.4106782367629)
(600, 599.4106782367629)
(601, 599.4106782367629)
(602, 599.4106782367629)
(603, 599.4106782367629)
(604, 599.4106782367629)
(605, 599.4106782367629)
(606, 599.4106782367629)
(607, 599.4106782367629)
(608, 599.4106782367629)
(609, 599.4106782367629)
(610, 599.4106782367629)
(611, 599.4106782367629)
(612, 599.4106782367629)
(613, 599.4106782367629)
(614, 599.4106782367629)
(615, 599.4106782367629)
(616, 599.4106782367629)
(617, 599.4106782367629)
(618, 599.4106782367629)
(619, 599.4106782367629)
(620, 599.4106782367629)
(621, 599.4106782367629)
(622, 599.4106782367629)
(623, 599.4106782367629)
(624, 599.4106782367629)
(625, 599.4106782367629)
(626, 599.4106782367629)
(627, 599.4106782367629)
(628, 599.4106782367629)
(629, 599.4106782367629)
(630, 599.4106782367629)
(631, 599.4106782367629)
(632, 599.4106782367629)
(633, 599.4106782367629)
(634, 599.4106782367629)
(635, 599.4106782367629)
(636, 599.4106782367629)
(637, 599.4106782367629)
(638, 599.4106782367629)
(639, 599.4106782367629)
(640, 599.4106782367629)
(641, 599.4106782367629)
(642, 599.4106782367629)
(643, 599.4106782367629)
(644, 599.4106782367629)
(645, 599.4106782367629)
(646, 599.4106782367629)
(647, 599.4106782367629)
(648, 599.4106782367629)
(649, 599.4106782367629)
(650, 599.4106782367629)
(651, 599.4106782367629)
(652, 599.4106782367629)
(653, 599.4106782367629)
(654, 599.4106782367629)
(655, 599.4106782367629)
(656, 599.4106782367629)
(657, 599.4106782367629)
(658, 599.4106782367629)
(659, 599.4106782367629)
(660, 599.4106782367629)
(661, 599.4106782367629)
(662, 599.4106782367629)
(663, 599.4106782367629)
(664, 599.4106782367629)
(665, 599.4106782367629)
(666, 599.4106782367629)
(667, 599.4106782367629)
(668, 599.4106782367629)
(669, 599.4106782367629)
(670, 599.4106782367629)
(671, 599.4106782367629)
(672, 599.4106782367629)
(673, 599.4106782367629)
(674, 599.4106782367629)
(675, 599.4106782367629)
(676, 599.4106782367629)
(677, 599.4106782367629)
(678, 599.4106782367629)
(679, 599.4106782367629)
(680, 599.4106782367629)
(681, 599.4106782367629)
(682, 599.4106782367629)
(683, 599.4106782367629)
(684, 599.4106782367629)
(685, 599.4106782367629)
(686, 599.4106782367629)
(687, 599.4106782367629)
(688, 599.4106782367629)
(689, 599.4106782367629)
(690, 599.4106782367629)
(691, 599.4106782367629)
(692, 599.4106782367629)
(693, 599.4106782367629)
(694, 599.4106782367629)
(695, 599.4106782367629)
(696, 599.4106782367629)
(697, 599.4106782367629)
(698, 599.4106782367629)
(699, 599.4106782367629)
(700, 599.4106782367629)
(701, 599.4106782367629)
(702, 599.4106782367629)
(703, 599.4106782367629)
(704, 599.4106782367629)
(705, 599.4106782367629)
(706, 599.4106782367629)
(707, 599.4106782367629)
(708, 599.4106782367629)
(709, 599.4106782367629)
(710, 599.4106782367629)
(711, 599.4106782367629)
(712, 599.4106782367629)
(713, 599.4106782367629)
(714, 599.4106782367629)
(715, 599.4106782367629)
(716, 599.4106782367629)
(717, 599.4106782367629)
(718, 599.4106782367629)
(719, 599.4106782367629)
(720, 599.4106782367629)
(721, 599.4106782367629)
(722, 599.4106782367629)
(723, 599.4106782367629)
(724, 599.4106782367629)
(725, 599.4106782367629)
(726, 599.4106782367629)
(727, 599.4106782367629)
(728, 599.4106782367629)
(729, 599.4106782367629)
(730, 599.4106782367629)
(731, 599.4106782367629)
(732, 599.4106782367629)
(733, 599.4106782367629)
(734, 599.4106782367629)
(735, 599.4106782367629)
(736, 599.4106782367629)
(737, 599.4106782367629)
(738, 599.4106782367629)
(739, 599.4106782367629)
(740, 599.4106782367629)
(741, 599.4106782367629)
(742, 599.4106782367629)
(743, 599.4106782367629)
(744, 599.4106782367629)
(745, 599.4106782367629)
(746, 599.4106782367629)
(747, 599.4106782367629)
(748, 599.4106782367629)
(749, 599.4106782367629)
(750, 599.4106782367629)
(751, 599.4106782367629)
(752, 599.4106782367629)
(753, 599.4106782367629)
(754, 599.4106782367629)
(755, 599.4106782367629)
(756, 599.4106782367629)
(757, 599.4106782367629)
(758, 599.4106782367629)
(759, 599.4106782367629)
(760, 599.4106782367629)
(761, 599.4106782367629)
(762, 599.4106782367629)
(763, 599.4106782367629)
(764, 599.4106782367629)
(765, 599.4106782367629)
(766, 599.4106782367629)
(767, 599.4106782367629)
(768, 599.4106782367629)
(769, 599.4106782367629)
(770, 599.4106782367629)
(771, 599.4106782367629)
(772, 599.4106782367629)
(773, 599.4106782367629)
(774, 599.4106782367629)
(775, 599.4106782367629)
(776, 599.4106782367629)
(777, 599.4106782367629)
(778, 599.4106782367629)
(779, 599.4106782367629)
(780, 599.4106782367629)
(781, 599.4106782367629)
(782, 599.4106782367629)
(783, 599.4106782367629)
(784, 599.4106782367629)
(785, 599.4106782367629)
(786, 599.4106782367629)
(787, 599.4106782367629)
(788, 599.4106782367629)
(789, 599.4106782367629)
(790, 599.4106782367629)
(791, 599.4106782367629)
(792, 599.4106782367629)
(793, 599.4106782367629)
(794, 599.4106782367629)
(795, 599.4106782367629)
(796, 599.4106782367629)
(797, 599.4106782367629)
(798, 599.4106782367629)
(799, 599.4106782367629)
(800, 599.4106782367629)
(801, 599.4106782367629)
(802, 599.4106782367629)
(803, 599.4106782367629)
(804, 599.4106782367629)
(805, 599.4106782367629)
(806, 599.4106782367629)
(807, 599.4106782367629)
(808, 599.4106782367629)
(809, 599.4106782367629)
(810, 599.4106782367629)
(811, 599.4106782367629)
(812, 599.4106782367629)
(813, 599.4106782367629)
(814, 599.4106782367629)
(815, 599.4106782367629)
(816, 599.4106782367629)
(817, 599.4106782367629)
(818, 599.4106782367629)
(819, 599.4106782367629)
(820, 599.4106782367629)
(821, 599.4106782367629)
(822, 599.4106782367629)
(823, 599.4106782367629)
(824, 599.4106782367629)
(825, 599.4106782367629)
(826, 599.4106782367629)
(827, 599.4106782367629)
(828, 599.4106782367629)
(829, 599.4106782367629)
(830, 599.4106782367629)
(831, 599.4106782367629)
(832, 599.4106782367629)
(833, 599.4106782367629)
(834, 599.4106782367629)
(835, 599.4106782367629)
(836, 599.4106782367629)
(837, 599.4106782367629)
(838, 599.4106782367629)
(839, 599.4106782367629)
(840, 599.4106782367629)
(841, 599.4106782367629)
(842, 599.4106782367629)
(843, 599.4106782367629)
(844, 599.4106782367629)
(845, 599.4106782367629)
(846, 599.4106782367629)
(847, 599.4106782367629)
(848, 599.4106782367629)
(849, 599.4106782367629)
(850, 599.4106782367629)
(851, 599.4106782367629)
(852, 599.4106782367629)
(853, 599.4106782367629)
(854, 599.4106782367629)
(855, 599.4106782367629)
(856, 599.4106782367629)
(857, 599.4106782367629)
(858, 599.4106782367629)
(859, 599.4106782367629)
(860, 599.4106782367629)
(861, 599.4106782367629)
(862, 599.4106782367629)
(863, 599.4106782367629)
(864, 599.4106782367629)
(865, 599.4106782367629)
(866, 599.4106782367629)
(867, 599.4106782367629)
(868, 599.4106782367629)
(869, 599.4106782367629)
(870, 599.4106782367629)
(871, 599.4106782367629)
(872, 599.4106782367629)
(873, 599.4106782367629)
(874, 599.4106782367629)
(875, 599.4106782367629)
(876, 599.4106782367629)
(877, 599.4106782367629)
(878, 599.4106782367629)
(879, 599.4106782367629)
(880, 599.4106782367629)
(881, 599.4106782367629)
(882, 599.4106782367629)
(883, 599.4106782367629)
(884, 599.4106782367629)
(885, 599.4106782367629)
(886, 599.4106782367629)
(887, 599.4106782367629)
(888, 599.4106782367629)
(889, 599.4106782367629)
(890, 599.4106782367629)
(891, 599.4106782367629)
(892, 599.4106782367629)
(893, 599.4106782367629)
(894, 599.4106782367629)
(895, 599.4106782367629)
(896, 599.4106782367629)
(897, 599.4106782367629)
(898, 599.4106782367629)
(899, 599.4106782367629)
(900, 599.4106782367629)
(901, 599.4106782367629)
(902, 599.4106782367629)
(903, 600.2097924046279)
(904, 600.2097924046279)
(905, 600.2097924046279)
(906, 600.2097924046279)
(907, 600.2097924046279)
(908, 600.2097924046279)
(909, 600.2097924046279)
(910, 600.2097924046279)
(911, 600.2097924046279)
(912, 600.2097924046279)
(913, 600.2097924046279)
(914, 600.2097924046279)
(915, 600.2097924046279)
(916, 600.2097924046279)
(917, 600.2097924046279)
(918, 600.2097924046279)
(919, 600.2097924046279)
(920, 600.2097924046279)
(921, 600.2097924046279)
(922, 600.2097924046279)
(923, 600.2097924046279)
(924, 600.2097924046279)
(925, 600.2097924046279)
(926, 600.2097924046279)
(927, 600.2097924046279)
(928, 600.2097924046279)
(929, 600.2097924046279)
(930, 600.2097924046279)
(931, 600.2097924046279)
(932, 600.2097924046279)
(933, 600.2097924046279)
(934, 600.2097924046279)
(935, 600.2097924046279)
(936, 600.2097924046279)
(937, 600.2097924046279)
(938, 600.2097924046279)
(939, 600.2097924046279)
(940, 600.2097924046279)
(941, 600.2097924046279)
(942, 600.2097924046279)
(943, 600.2097924046279)
(944, 600.2097924046279)
(945, 600.2097924046279)
(946, 600.2097924046279)
(947, 600.2097924046279)
(948, 600.2097924046279)
(949, 600.2097924046279)
(950, 600.2097924046279)
(951, 600.2097924046279)
(952, 600.2097924046279)
(953, 600.2097924046279)
(954, 600.2097924046279)
(955, 600.2097924046279)
(956, 600.2097924046279)
(957, 600.2097924046279)
(958, 600.2097924046279)
(959, 600.2097924046279)
(960, 600.2097924046279)
(961, 600.2097924046279)
(962, 600.2097924046279)
(963, 600.2097924046279)
(964, 600.2097924046279)
(965, 600.2097924046279)
(966, 600.2097924046279)
(967, 600.2097924046279)
(968, 600.2097924046279)
(969, 600.2097924046279)
(970, 600.2097924046279)
(971, 600.2097924046279)
(972, 600.2097924046279)
(973, 600.2097924046279)
(974, 600.2097924046279)
(975, 600.2097924046279)
(976, 600.2097924046279)
(977, 600.2097924046279)
(978, 600.2097924046279)
(979, 600.2097924046279)
(980, 600.2097924046279)
(981, 600.2097924046279)
(982, 600.2097924046279)
(983, 600.2097924046279)
(984, 600.2097924046279)
(985, 600.2097924046279)
(986, 600.2097924046279)
(987, 600.2097924046279)
(988, 600.2097924046279)
(989, 600.2097924046279)
(990, 600.2097924046279)
(991, 600.2097924046279)
(992, 600.2097924046279)
(993, 600.2097924046279)
(994, 600.2097924046279)
(995, 600.2097924046279)
(996, 600.2097924046279)
(997, 600.2097924046279)
(998, 600.2097924046279)
(999, 600.2097924046279)
(1000, 600.2097924046279)
(1001, 600.2097924046279)
(1002, 600.2097924046279)
(1003, 600.2097924046279)
(1004, 600.2097924046279)
(1005, 600.2097924046279)
(1006, 600.2097924046279)
(1007, 600.2097924046279)
(1008, 600.2097924046279)
(1009, 600.2097924046279)
(1010, 600.2097924046279)
(1011, 600.2097924046279)
(1012, 600.2097924046279)
(1013, 600.2097924046279)
(1014, 600.2097924046279)
(1015, 600.2097924046279)
(1016, 600.2097924046279)
(1017, 600.2097924046279)
(1018, 600.2097924046279)
(1019, 600.2097924046279)
(1020, 600.2097924046279)
(1021, 600.2097924046279)
(1022, 600.2097924046279)
(1023, 600.2097924046279)
(1024, 600.2097924046279)
(1025, 600.2097924046279)
(1026, 600.2097924046279)
(1027, 600.2097924046279)
(1028, 600.2097924046279)
(1029, 600.2097924046279)
(1030, 600.2097924046279)
(1031, 600.2097924046279)
(1032, 600.2097924046279)
(1033, 600.2097924046279)
(1034, 600.2097924046279)
(1035, 600.2097924046279)
(1036, 600.2097924046279)
(1037, 600.2097924046279)
(1038, 600.2097924046279)
(1039, 600.2097924046279)
(1040, 600.2097924046279)
(1041, 600.2097924046279)
(1042, 600.2097924046279)
(1043, 600.2097924046279)
(1044, 600.2097924046279)
(1045, 600.2097924046279)
(1046, 600.2097924046279)
(1047, 600.2097924046279)
(1048, 600.2097924046279)
(1049, 600.2097924046279)
(1050, 600.2097924046279)
(1051, 600.2097924046279)
(1052, 600.2097924046279)
(1053, 600.2097924046279)
(1054, 600.2097924046279)
(1055, 600.2097924046279)
(1056, 600.2097924046279)
(1057, 600.2097924046279)
(1058, 600.2097924046279)
(1059, 600.2097924046279)
(1060, 600.2097924046279)
(1061, 600.2097924046279)
(1062, 600.2097924046279)
(1063, 600.2097924046279)
(1064, 600.2097924046279)
(1065, 600.2097924046279)
(1066, 600.2097924046279)
(1067, 600.2097924046279)
(1068, 600.2097924046279)
(1069, 600.2097924046279)
(1070, 600.2097924046279)
(1071, 600.2097924046279)
(1072, 600.2097924046279)
(1073, 600.2097924046279)
(1074, 600.2097924046279)
(1075, 600.2097924046279)
(1076, 600.2097924046279)
(1077, 600.2097924046279)
(1078, 600.2097924046279)
(1079, 600.2097924046279)
(1080, 600.2097924046279)
(1081, 600.2097924046279)
(1082, 600.2097924046279)
(1083, 600.2097924046279)
(1084, 600.2097924046279)
(1085, 600.2097924046279)
(1086, 600.2097924046279)
(1087, 600.2097924046279)
(1088, 600.2097924046279)
(1089, 600.2097924046279)
(1090, 600.2097924046279)
(1091, 600.2097924046279)
(1092, 600.2097924046279)
(1093, 600.2097924046279)
(1094, 600.2097924046279)
(1095, 600.2097924046279)
(1096, 600.2097924046279)
(1097, 600.2097924046279)
(1098, 600.2097924046279)
(1099, 600.2097924046279)
(1100, 600.2097924046279)
(1101, 600.2097924046279)
(1102, 600.2097924046279)
(1103, 600.2097924046279)
(1104, 600.2097924046279)
(1105, 600.2097924046279)
(1106, 600.2097924046279)
(1107, 600.2097924046279)
(1108, 600.2097924046279)
(1109, 600.2097924046279)
(1110, 600.2097924046279)
(1111, 600.2097924046279)
(1112, 600.2097924046279)
(1113, 600.2097924046279)
(1114, 600.2097924046279)
(1115, 600.2097924046279)
(1116, 600.2097924046279)
(1117, 600.2097924046279)
(1118, 600.2097924046279)
(1119, 600.2097924046279)
(1120, 600.2097924046279)
(1121, 600.2097924046279)
(1122, 600.2097924046279)
(1123, 600.2097924046279)
(1124, 600.2097924046279)
(1125, 600.2097924046279)
(1126, 600.2097924046279)
(1127, 600.2097924046279)
(1128, 600.2097924046279)
(1129, 600.2097924046279)
(1130, 600.2097924046279)
(1131, 600.2097924046279)
(1132, 600.2097924046279)
(1133, 600.2097924046279)
(1134, 600.2097924046279)
(1135, 600.2097924046279)
(1136, 600.2097924046279)
(1137, 600.2097924046279)
(1138, 600.2097924046279)
(1139, 600.2097924046279)
(1140, 600.2097924046279)
(1141, 600.2097924046279)
(1142, 600.2097924046279)
(1143, 600.2097924046279)
(1144, 600.2097924046279)
(1145, 600.2097924046279)
(1146, 600.2097924046279)
(1147, 600.2097924046279)
(1148, 600.2097924046279)
(1149, 600.2097924046279)
(1150, 600.2097924046279)
(1151, 600.2097924046279)
(1152, 600.2097924046279)
(1153, 600.2097924046279)
(1154, 600.2097924046279)
(1155, 600.2097924046279)
(1156, 600.2097924046279)
(1157, 600.2097924046279)
(1158, 600.2097924046279)
(1159, 600.2097924046279)
(1160, 600.2097924046279)
(1161, 600.2097924046279)
(1162, 600.2097924046279)
(1163, 600.2097924046279)
(1164, 600.2097924046279)
(1165, 600.2097924046279)
(1166, 600.2097924046279)
(1167, 600.2097924046279)
(1168, 600.2097924046279)
(1169, 600.2097924046279)
(1170, 600.2097924046279)
(1171, 600.2097924046279)
(1172, 600.2097924046279)
(1173, 600.2097924046279)
(1174, 600.2097924046279)
(1175, 600.2097924046279)
(1176, 600.2097924046279)
(1177, 600.2097924046279)
(1178, 600.2097924046279)
(1179, 600.2097924046279)
(1180, 600.2097924046279)
(1181, 600.2097924046279)
(1182, 600.2097924046279)
(1183, 600.2097924046279)
(1184, 600.2097924046279)
(1185, 600.2097924046279)
(1186, 600.2097924046279)
(1187, 600.2097924046279)
(1188, 600.2097924046279)
(1189, 600.2097924046279)
(1190, 600.2097924046279)
(1191, 600.2097924046279)
(1192, 600.2097924046279)
(1193, 600.2097924046279)
(1194, 600.2097924046279)
(1195, 600.2097924046279)
(1196, 600.2097924046279)
(1197, 600.2097924046279)
(1198, 600.2097924046279)
(1199, 600.2097924046279)
(1200, 600.2097924046279)
(1201, 600.2097924046279)
(1202, 600.2097924046279)
(1203, 600.2097924046279)
(1204, 600.2097924046279)
(1205, 600.2097924046279)
(1206, 600.2097924046279)
(1207, 600.2097924046279)
(1208, 600.2097924046279)
(1209, 600.2097924046279)
(1210, 600.2097924046279)
(1211, 600.2097924046279)
(1212, 600.2097924046279)
(1213, 600.2097924046279)
(1214, 600.2097924046279)
(1215, 600.2097924046279)
(1216, 600.2097924046279)
(1217, 600.2097924046279)
(1218, 600.2097924046279)
(1219, 600.2097924046279)
(1220, 600.2097924046279)
(1221, 600.2097924046279)
(1222, 600.2097924046279)
(1223, 600.2097924046279)
(1224, 600.2097924046279)
(1225, 600.2097924046279)
(1226, 600.2097924046279)
(1227, 600.2097924046279)
(1228, 600.2097924046279)
(1229, 600.2097924046279)
(1230, 600.2097924046279)
(1231, 600.2097924046279)
(1232, 600.2097924046279)
(1233, 600.2097924046279)
(1234, 600.2097924046279)
(1235, 600.2097924046279)
(1236, 600.2097924046279)
(1237, 600.2097924046279)
(1238, 600.2097924046279)
(1239, 600.2097924046279)
(1240, 600.2097924046279)
(1241, 600.2097924046279)
(1242, 600.2097924046279)
(1243, 600.2097924046279)
(1244, 600.2097924046279)
(1245, 600.2097924046279)
(1246, 600.2097924046279)
(1247, 600.2097924046279)
(1248, 600.2097924046279)
(1249, 600.2097924046279)
(1250, 600.2097924046279)
(1251, 600.2097924046279)
(1252, 600.2097924046279)
(1253, 600.2097924046279)
(1254, 600.2097924046279)
(1255, 600.2097924046279)
(1256, 600.2097924046279)
(1257, 600.2097924046279)
(1258, 600.2097924046279)
(1259, 600.2097924046279)
(1260, 600.2097924046279)
(1261, 600.2097924046279)
(1262, 600.2097924046279)
(1263, 600.2097924046279)
(1264, 600.2097924046279)
(1265, 600.2097924046279)
(1266, 600.2097924046279)
(1267, 600.2097924046279)
(1268, 600.2097924046279)
(1269, 600.2097924046279)
(1270, 600.2097924046279)
(1271, 600.2097924046279)
(1272, 600.2097924046279)
(1273, 600.2097924046279)
(1274, 600.2097924046279)
(1275, 600.2097924046279)
(1276, 600.2097924046279)
(1277, 600.2097924046279)
(1278, 600.2097924046279)
(1279, 600.2097924046279)
(1280, 600.2097924046279)
(1281, 600.2097924046279)
(1282, 600.2097924046279)
(1283, 600.2097924046279)
(1284, 600.2097924046279)
(1285, 600.2097924046279)
(1286, 600.2097924046279)
(1287, 600.2097924046279)
(1288, 600.2097924046279)
(1289, 600.2097924046279)
(1290, 600.2097924046279)
(1291, 600.2097924046279)
(1292, 600.2097924046279)
(1293, 600.2097924046279)
(1294, 600.2097924046279)
(1295, 600.2097924046279)
(1296, 600.2097924046279)
(1297, 600.2097924046279)
(1298, 600.2097924046279)
(1299, 600.2097924046279)
(1300, 600.2097924046279)
(1301, 600.2097924046279)
(1302, 600.2097924046279)
(1303, 600.2097924046279)
(1304, 600.2097924046279)
(1305, 600.2097924046279)
(1306, 600.2097924046279)
(1307, 600.2097924046279)
(1308, 600.2097924046279)
(1309, 600.2097924046279)
(1310, 600.2097924046279)
(1311, 600.2097924046279)
(1312, 600.2097924046279)
(1313, 600.2097924046279)
(1314, 600.2097924046279)
(1315, 600.2097924046279)
(1316, 600.2097924046279)
(1317, 600.2097924046279)
(1318, 600.2097924046279)
(1319, 600.2097924046279)
(1320, 600.2097924046279)
(1321, 600.2097924046279)
(1322, 600.2097924046279)
(1323, 600.2097924046279)
(1324, 600.2097924046279)
(1325, 600.2097924046279)
(1326, 600.2097924046279)
(1327, 600.2097924046279)
(1328, 600.2097924046279)
(1329, 600.2097924046279)
(1330, 600.2097924046279)
(1331, 600.2097924046279)
(1332, 600.2097924046279)
(1333, 600.2097924046279)
(1334, 600.2097924046279)
(1335, 600.2097924046279)
(1336, 600.2097924046279)
(1337, 600.2097924046279)
(1338, 600.2097924046279)
(1339, 600.2097924046279)
(1340, 600.2097924046279)
(1341, 600.2097924046279)
(1342, 600.2097924046279)
(1343, 600.2097924046279)
(1344, 600.2097924046279)
(1345, 600.2097924046279)
(1346, 600.2097924046279)
(1347, 600.2097924046279)
(1348, 600.2097924046279)
(1349, 600.2097924046279)
(1350, 600.2097924046279)
(1351, 600.2097924046279)
(1352, 600.2097924046279)
(1353, 600.2097924046279)
(1354, 600.2097924046279)
(1355, 600.2097924046279)
(1356, 600.2097924046279)
(1357, 600.2097924046279)
(1358, 600.2097924046279)
(1359, 600.2097924046279)
(1360, 600.2097924046279)
(1361, 600.2097924046279)
(1362, 600.2097924046279)
(1363, 600.2097924046279)
(1364, 600.2097924046279)
(1365, 600.2097924046279)
(1366, 600.2097924046279)
(1367, 600.2097924046279)
(1368, 600.2097924046279)
(1369, 600.2097924046279)
(1370, 600.2097924046279)
(1371, 600.2097924046279)
(1372, 600.2097924046279)
(1373, 600.2097924046279)
(1374, 600.2097924046279)
(1375, 600.2097924046279)
(1376, 600.2097924046279)
(1377, 600.2097924046279)
(1378, 600.2097924046279)
(1379, 600.2097924046279)
(1380, 600.2097924046279)
(1381, 600.2097924046279)
(1382, 600.2097924046279)
(1383, 600.2097924046279)
(1384, 600.2097924046279)
(1385, 600.2097924046279)
(1386, 600.2097924046279)
(1387, 600.2097924046279)
(1388, 600.2097924046279)
(1389, 600.2097924046279)
(1390, 600.2097924046279)
(1391, 600.2097924046279)
(1392, 600.2097924046279)
(1393, 600.2097924046279)
(1394, 600.2097924046279)
(1395, 600.2097924046279)
(1396, 600.2097924046279)
(1397, 600.2097924046279)
(1398, 600.2097924046279)
(1399, 600.2097924046279)
(1400, 600.2097924046279)
(1401, 600.2097924046279)
(1402, 600.2097924046279)
(1403, 600.2097924046279)
(1404, 600.2097924046279)
(1405, 600.2097924046279)
(1406, 600.2097924046279)
(1407, 600.2097924046279)
(1408, 600.2097924046279)
(1409, 600.2097924046279)
(1410, 600.2097924046279)
(1411, 600.2097924046279)
(1412, 600.2097924046279)
(1413, 600.2097924046279)
(1414, 600.2097924046279)
(1415, 600.2097924046279)
(1416, 600.2097924046279)
(1417, 600.2097924046279)
(1418, 600.2097924046279)
(1419, 600.2097924046279)
(1420, 600.2097924046279)
(1421, 600.2097924046279)
(1422, 600.2097924046279)
(1423, 600.2097924046279)
(1424, 600.2097924046279)
(1425, 600.2097924046279)
(1426, 600.2097924046279)
(1427, 600.2097924046279)
(1428, 600.2097924046279)
(1429, 600.2097924046279)
(1430, 600.2097924046279)
(1431, 600.2097924046279)
(1432, 600.2097924046279)
(1433, 600.2097924046279)
(1434, 600.2097924046279)
(1435, 600.2097924046279)
(1436, 600.2097924046279)
(1437, 600.2097924046279)
(1438, 600.2097924046279)
(1439, 600.2097924046279)
(1440, 600.2097924046279)
(1441, 600.2097924046279)
(1442, 600.2097924046279)
(1443, 600.2097924046279)
(1444, 600.2097924046279)
(1445, 600.2097924046279)
(1446, 600.2097924046279)
(1447, 600.2097924046279)
(1448, 600.2097924046279)
(1449, 600.2097924046279)
(1450, 600.2097924046279)
(1451, 600.2097924046279)
(1452, 600.2097924046279)
(1453, 600.2097924046279)
(1454, 600.2097924046279)
(1455, 600.2097924046279)
(1456, 600.2097924046279)
(1457, 600.2097924046279)
(1458, 600.2097924046279)
(1459, 600.2097924046279)
(1460, 600.2097924046279)
(1461, 600.2097924046279)
(1462, 600.2097924046279)
(1463, 600.2097924046279)
(1464, 600.2097924046279)
(1465, 600.2097924046279)
(1466, 600.2097924046279)
(1467, 600.2097924046279)
(1468, 600.2097924046279)
(1469, 600.2097924046279)
(1470, 600.2097924046279)
(1471, 600.2097924046279)
(1472, 600.2097924046279)
(1473, 600.2097924046279)
(1474, 600.2097924046279)
(1475, 600.2097924046279)
(1476, 600.2097924046279)
(1477, 600.2097924046279)
(1478, 600.2097924046279)
(1479, 600.2097924046279)
(1480, 600.2097924046279)
(1481, 600.2097924046279)
(1482, 600.2097924046279)
(1483, 600.2097924046279)
(1484, 600.2097924046279)
(1485, 600.2097924046279)
(1486, 600.2097924046279)
(1487, 600.2097924046279)
(1488, 600.2097924046279)
(1489, 600.2097924046279)
(1490, 600.2097924046279)
(1491, 600.2097924046279)
(1492, 600.2097924046279)
(1493, 600.2097924046279)
(1494, 600.2097924046279)
(1495, 600.2097924046279)
(1496, 600.2097924046279)
(1497, 600.2097924046279)
(1498, 600.2097924046279)
(1499, 600.2097924046279)
(1500, 600.2097924046279)
(1501, 600.2097924046279)
(1502, 600.2097924046279)
(1503, 600.2097924046279)
(1504, 600.2097924046279)
(1505, 600.2097924046279)
(1506, 600.2097924046279)
(1507, 600.2097924046279)
(1508, 600.2097924046279)
(1509, 600.2097924046279)
(1510, 600.2097924046279)
(1511, 600.2097924046279)
(1512, 600.2097924046279)
(1513, 600.2097924046279)
(1514, 600.2097924046279)
(1515, 600.2097924046279)
(1516, 600.2097924046279)
(1517, 600.2097924046279)
(1518, 600.2097924046279)
(1519, 600.2097924046279)
(1520, 600.2097924046279)
(1521, 600.2097924046279)
(1522, 600.2097924046279)
(1523, 600.2097924046279)
(1524, 600.2097924046279)
(1525, 600.2097924046279)
(1526, 600.2097924046279)
(1527, 600.2097924046279)
(1528, 600.2097924046279)
(1529, 600.2097924046279)
(1530, 600.2097924046279)
(1531, 600.2097924046279)
(1532, 600.2097924046279)
(1533, 600.2097924046279)
(1534, 600.2097924046279)
(1535, 600.2097924046279)
(1536, 600.2097924046279)
(1537, 600.2097924046279)
(1538, 600.2097924046279)
(1539, 600.2097924046279)
(1540, 600.2097924046279)
(1541, 600.2097924046279)
(1542, 600.2097924046279)
(1543, 600.2097924046279)
(1544, 600.2097924046279)
(1545, 600.2097924046279)
(1546, 600.2097924046279)
(1547, 600.2097924046279)
(1548, 600.2097924046279)
(1549, 600.2097924046279)
(1550, 600.2097924046279)
(1551, 600.2097924046279)
(1552, 600.2097924046279)
(1553, 600.2097924046279)
(1554, 600.2097924046279)
(1555, 600.2097924046279)
(1556, 600.2097924046279)
(1557, 600.2097924046279)
(1558, 600.2097924046279)
(1559, 600.2097924046279)
(1560, 600.2097924046279)
(1561, 600.2097924046279)
(1562, 600.2097924046279)
(1563, 600.2097924046279)
(1564, 600.2097924046279)
(1565, 600.2097924046279)
(1566, 600.2097924046279)
(1567, 600.2097924046279)
(1568, 600.2097924046279)
(1569, 600.2097924046279)
(1570, 600.2097924046279)
(1571, 600.2097924046279)
(1572, 600.2097924046279)
(1573, 600.2097924046279)
(1574, 600.2097924046279)
(1575, 600.2097924046279)
(1576, 600.2097924046279)
(1577, 600.2097924046279)
(1578, 600.2097924046279)
(1579, 600.2097924046279)
(1580, 600.2097924046279)
(1581, 600.2097924046279)
(1582, 600.2097924046279)
(1583, 600.2097924046279)
(1584, 600.2097924046279)
(1585, 600.2097924046279)
(1586, 600.2097924046279)
(1587, 600.2097924046279)
(1588, 600.2097924046279)
(1589, 600.2097924046279)
(1590, 600.2097924046279)
(1591, 600.2097924046279)
(1592, 600.2097924046279)
(1593, 600.2097924046279)
(1594, 600.2097924046279)
(1595, 600.2097924046279)
(1596, 600.2097924046279)
(1597, 600.2097924046279)
(1598, 600.2097924046279)
(1599, 600.2097924046279)
(1600, 600.2097924046279)
(1601, 600.2097924046279)
(1602, 600.2097924046279)
(1603, 600.2097924046279)
(1604, 600.2097924046279)
(1605, 600.2097924046279)
(1606, 600.2097924046279)
(1607, 600.2097924046279)
(1608, 600.2097924046279)
(1609, 600.2097924046279)
(1610, 600.2097924046279)
(1611, 600.2097924046279)
(1612, 600.2097924046279)
(1613, 600.2097924046279)
(1614, 600.2097924046279)
(1615, 600.2097924046279)
(1616, 600.2097924046279)
(1617, 600.2097924046279)
(1618, 600.2097924046279)
(1619, 600.2097924046279)
(1620, 600.2097924046279)
(1621, 600.2097924046279)
(1622, 600.2097924046279)
(1623, 600.2097924046279)
(1624, 600.2097924046279)
(1625, 600.2097924046279)
(1626, 600.2097924046279)
(1627, 600.2097924046279)
(1628, 600.2097924046279)
(1629, 600.2097924046279)
(1630, 600.2097924046279)
(1631, 600.2097924046279)
(1632, 600.2097924046279)
(1633, 600.2097924046279)
(1634, 600.2097924046279)
(1635, 600.2097924046279)
(1636, 600.2097924046279)
(1637, 600.2097924046279)
(1638, 600.2097924046279)
(1639, 600.2097924046279)
(1640, 600.2097924046279)
(1641, 600.2097924046279)
(1642, 600.2097924046279)
(1643, 600.2097924046279)
(1644, 600.2097924046279)
(1645, 600.2097924046279)
(1646, 600.2097924046279)
(1647, 600.2097924046279)
(1648, 600.2097924046279)
(1649, 600.2097924046279)
(1650, 600.2097924046279)
(1651, 600.2097924046279)
(1652, 600.2097924046279)
(1653, 600.2097924046279)
(1654, 600.2097924046279)
(1655, 600.2097924046279)
(1656, 600.2097924046279)
(1657, 600.2097924046279)
(1658, 600.2097924046279)
(1659, 600.2097924046279)
(1660, 600.2097924046279)
(1661, 600.2097924046279)
(1662, 600.2097924046279)
(1663, 600.2097924046279)
(1664, 600.2097924046279)
(1665, 600.2097924046279)
(1666, 600.2097924046279)
(1667, 600.2097924046279)
(1668, 600.2097924046279)
(1669, 600.2097924046279)
(1670, 600.2097924046279)
(1671, 600.2097924046279)
(1672, 600.2097924046279)
(1673, 600.2097924046279)
(1674, 600.2097924046279)
(1675, 600.2097924046279)
(1676, 600.2097924046279)
(1677, 600.2097924046279)
(1678, 600.2097924046279)
(1679, 600.2097924046279)
(1680, 600.2097924046279)
(1681, 600.2097924046279)
(1682, 600.2097924046279)
(1683, 600.2097924046279)
(1684, 600.2097924046279)
(1685, 600.2097924046279)
(1686, 600.2097924046279)
(1687, 600.2097924046279)
(1688, 600.2097924046279)
(1689, 600.2097924046279)
(1690, 600.2097924046279)
(1691, 600.2097924046279)
(1692, 600.2097924046279)
(1693, 600.2097924046279)
(1694, 600.2097924046279)
(1695, 600.2097924046279)
(1696, 600.2097924046279)
(1697, 600.2097924046279)
(1698, 600.2097924046279)
(1699, 600.2097924046279)
(1700, 600.2097924046279)
(1701, 600.2097924046279)
(1702, 600.2097924046279)
(1703, 600.2097924046279)
(1704, 600.2097924046279)
(1705, 600.2097924046279)
(1706, 600.2097924046279)
(1707, 600.2097924046279)
(1708, 600.2097924046279)
(1709, 600.2097924046279)
(1710, 600.2097924046279)
(1711, 600.2097924046279)
(1712, 600.2097924046279)
(1713, 600.2097924046279)
(1714, 600.2097924046279)
(1715, 600.2097924046279)
(1716, 600.2097924046279)
(1717, 600.2097924046279)
(1718, 600.2097924046279)
(1719, 600.2097924046279)
(1720, 600.2097924046279)
(1721, 600.2097924046279)
(1722, 600.2097924046279)
(1723, 600.2097924046279)
(1724, 600.2097924046279)
(1725, 600.2097924046279)
(1726, 600.2097924046279)
(1727, 600.2097924046279)
(1728, 600.2097924046279)
(1729, 600.2097924046279)
(1730, 600.2097924046279)
(1731, 600.2097924046279)
(1732, 600.2097924046279)
(1733, 600.2097924046279)
(1734, 600.2097924046279)
(1735, 600.2097924046279)
(1736, 600.2097924046279)
(1737, 600.2097924046279)
(1738, 600.2097924046279)
(1739, 600.2097924046279)
(1740, 600.2097924046279)
(1741, 600.2097924046279)
(1742, 600.2097924046279)
(1743, 600.2097924046279)
(1744, 600.2097924046279)
(1745, 600.2097924046279)
(1746, 600.2097924046279)
(1747, 600.2097924046279)
(1748, 600.2097924046279)
(1749, 600.2097924046279)
(1750, 600.2097924046279)
(1751, 600.2097924046279)
(1752, 600.2097924046279)
(1753, 600.2097924046279)
(1754, 600.2097924046279)
(1755, 600.2097924046279)
(1756, 600.2097924046279)
(1757, 600.2097924046279)
(1758, 600.2097924046279)
(1759, 600.2097924046279)
(1760, 600.2097924046279)
(1761, 600.2097924046279)
(1762, 600.2097924046279)
(1763, 600.2097924046279)
(1764, 600.2097924046279)
(1765, 600.2097924046279)
(1766, 600.2097924046279)
(1767, 600.2097924046279)
(1768, 600.2097924046279)
(1769, 600.2097924046279)
(1770, 600.2097924046279)
(1771, 600.2097924046279)
(1772, 600.2097924046279)
(1773, 600.2097924046279)
(1774, 600.2097924046279)
(1775, 600.2097924046279)
(1776, 600.2097924046279)
(1777, 600.2097924046279)
(1778, 600.2097924046279)
(1779, 600.2097924046279)
(1780, 600.2097924046279)
(1781, 600.2097924046279)
(1782, 600.2097924046279)
(1783, 600.2097924046279)
(1784, 600.2097924046279)
(1785, 600.2097924046279)
(1786, 600.2097924046279)
(1787, 600.2097924046279)
(1788, 600.2097924046279)
(1789, 600.2097924046279)
(1790, 600.2097924046279)
(1791, 600.2097924046279)
(1792, 600.2097924046279)
(1793, 600.2097924046279)
(1794, 600.2097924046279)
(1795, 600.2097924046279)
(1796, 600.2097924046279)
(1797, 600.2097924046279)
(1798, 600.2097924046279)
(1799, 600.2097924046279)
(1800, 600.2097924046279)
(1801, 600.2097924046279)
(1802, 600.2097924046279)
(1803, 600.2097924046279)
(1804, 600.2097924046279)
(1805, 600.2097924046279)
(1806, 600.2097924046279)
(1807, 600.2097924046279)
(1808, 600.2097924046279)
(1809, 600.2097924046279)
(1810, 600.2097924046279)
(1811, 600.2097924046279)
(1812, 600.2097924046279)
(1813, 600.2097924046279)
(1814, 600.2097924046279)
(1815, 600.2097924046279)
(1816, 600.2097924046279)
(1817, 600.2097924046279)
(1818, 600.2097924046279)
(1819, 600.2097924046279)
(1820, 600.2097924046279)
(1821, 600.2097924046279)
(1822, 600.2097924046279)
(1823, 600.2097924046279)
(1824, 600.2097924046279)
(1825, 600.2097924046279)
(1826, 600.2097924046279)
(1827, 600.2097924046279)
(1828, 600.2097924046279)
(1829, 600.2097924046279)
(1830, 600.2097924046279)
(1831, 600.2097924046279)
(1832, 600.2097924046279)
(1833, 600.2097924046279)
(1834, 600.2097924046279)
(1835, 600.2097924046279)
(1836, 600.2097924046279)
(1837, 600.2097924046279)
(1838, 600.2097924046279)
(1839, 600.2097924046279)
(1840, 600.2097924046279)
(1841, 600.2097924046279)
(1842, 600.2097924046279)
(1843, 600.2097924046279)
(1844, 600.2097924046279)
(1845, 600.2097924046279)
(1846, 600.2097924046279)
(1847, 600.2097924046279)
(1848, 600.2097924046279)
(1849, 600.2097924046279)
(1850, 600.2097924046279)
(1851, 600.2097924046279)
(1852, 600.2097924046279)
(1853, 600.2097924046279)
(1854, 600.2097924046279)
(1855, 600.2097924046279)
(1856, 600.2097924046279)
(1857, 600.2097924046279)
(1858, 600.2097924046279)
(1859, 600.2097924046279)
(1860, 600.2097924046279)
(1861, 600.2097924046279)
(1862, 600.2097924046279)
(1863, 600.2097924046279)
(1864, 600.2097924046279)
(1865, 600.2097924046279)
(1866, 600.2097924046279)
(1867, 600.2097924046279)
(1868, 600.2097924046279)
(1869, 600.2097924046279)
(1870, 600.2097924046279)
(1871, 600.2097924046279)
(1872, 600.2097924046279)
(1873, 600.2097924046279)
(1874, 600.2097924046279)
(1875, 600.2097924046279)
(1876, 600.2097924046279)
(1877, 600.2097924046279)
(1878, 600.2097924046279)
(1879, 600.2097924046279)
(1880, 600.2097924046279)
(1881, 600.2097924046279)
(1882, 600.2097924046279)
(1883, 600.2097924046279)
(1884, 600.2097924046279)
(1885, 600.2097924046279)
(1886, 600.2097924046279)
(1887, 600.2097924046279)
(1888, 600.2097924046279)
(1889, 600.2097924046279)
(1890, 600.2097924046279)
(1891, 600.2097924046279)
(1892, 600.2097924046279)
(1893, 600.2097924046279)
(1894, 600.2097924046279)
(1895, 600.2097924046279)
(1896, 600.2097924046279)
(1897, 600.2097924046279)
(1898, 600.2097924046279)
(1899, 600.2097924046279)
(1900, 600.2097924046279)
(1901, 600.2097924046279)
(1902, 600.2097924046279)
(1903, 600.2097924046279)
(1904, 600.2097924046279)
(1905, 600.2097924046279)
(1906, 600.2097924046279)
(1907, 600.2097924046279)
(1908, 600.2097924046279)
(1909, 600.2097924046279)
(1910, 600.2097924046279)
(1911, 600.2097924046279)
(1912, 600.2097924046279)
(1913, 600.2097924046279)
(1914, 600.2097924046279)
(1915, 600.2097924046279)
(1916, 600.2097924046279)
(1917, 600.2097924046279)
(1918, 600.2097924046279)
(1919, 600.2097924046279)
(1920, 600.2097924046279)
(1921, 600.2097924046279)
(1922, 600.2097924046279)
(1923, 600.2097924046279)
(1924, 600.2097924046279)
(1925, 600.2097924046279)
(1926, 600.2097924046279)
(1927, 600.2097924046279)
(1928, 600.2097924046279)
(1929, 600.2097924046279)
(1930, 600.2097924046279)
(1931, 600.2097924046279)
(1932, 600.2097924046279)
(1933, 600.2097924046279)
(1934, 600.2097924046279)
(1935, 600.2097924046279)
(1936, 600.2097924046279)
(1937, 600.2097924046279)
(1938, 600.2097924046279)
(1939, 600.2097924046279)
(1940, 600.2097924046279)
(1941, 600.2097924046279)
(1942, 600.2097924046279)
(1943, 600.2097924046279)
(1944, 600.2097924046279)
(1945, 600.2097924046279)
(1946, 600.2097924046279)
(1947, 600.2097924046279)
(1948, 600.2097924046279)
(1949, 600.2097924046279)
(1950, 600.2097924046279)
(1951, 600.2097924046279)
(1952, 600.2097924046279)
(1953, 600.2097924046279)
(1954, 600.2097924046279)
(1955, 600.2097924046279)
(1956, 600.2097924046279)
(1957, 600.2097924046279)
(1958, 600.2097924046279)
(1959, 600.2097924046279)
(1960, 600.2097924046279)
(1961, 600.2097924046279)
(1962, 600.2097924046279)
(1963, 600.2097924046279)
(1964, 600.2097924046279)
(1965, 600.2097924046279)
(1966, 600.2097924046279)
(1967, 600.2097924046279)
(1968, 600.2097924046279)
(1969, 600.2097924046279)
(1970, 600.2097924046279)
(1971, 600.2097924046279)
(1972, 600.2097924046279)
(1973, 600.2097924046279)
(1974, 600.2097924046279)
(1975, 600.2097924046279)
(1976, 600.2097924046279)
(1977, 600.2097924046279)
(1978, 600.2097924046279)
(1979, 600.2097924046279)
(1980, 600.2097924046279)
(1981, 600.2097924046279)
(1982, 600.2097924046279)
(1983, 600.2097924046279)
(1984, 600.2097924046279)
(1985, 600.2097924046279)
(1986, 600.2097924046279)
(1987, 600.2097924046279)
(1988, 600.2097924046279)
(1989, 600.2097924046279)
(1990, 600.2097924046279)
(1991, 600.2097924046279)
(1992, 600.2097924046279)
(1993, 600.2097924046279)
(1994, 600.2097924046279)
(1995, 600.2097924046279)
(1996, 600.2097924046279)
(1997, 600.2097924046279)
(1998, 600.2097924046279)
(1999, 600.2097924046279)
