(0, 0.0017368860240544563)
(1, 0.0017368860240544563)
(2, 0.0017748067862033967)
(3, 0.0017748067862033967)
(4, 0.001797282664125456)
(5, 0.001797282664125456)
(6, 0.001797282664125456)
(7, 0.001797282664125456)
(8, 0.001797282664125456)
(9, 0.001797282664125456)
(10, 0.001797282664125456)
(11, 0.001797282664125456)
(12, 0.001797282664125456)
(13, 0.001797282664125456)
(14, 0.001797282664125456)
(15, 0.001797282664125456)
(16, 0.001797282664125456)
(17, 0.001797282664125456)
(18, 0.001797282664125456)
(19, 0.001797282664125456)
(20, 0.001797282664125456)
(21, 0.001797282664125456)
(22, 0.001797282664125456)
(23, 0.001797282664125456)
(24, 0.001816966582385425)
(25, 0.001816966582385425)
(26, 0.001816966582385425)
(27, 0.001816966582385425)
(28, 0.001816966582385425)
(29, 0.001816966582385425)
(30, 0.001816966582385425)
(31, 0.001816966582385425)
(32, 0.001816966582385425)
(33, 0.001816966582385425)
(34, 0.001816966582385425)
(35, 0.001816966582385425)
(36, 0.001816966582385425)
(37, 0.001816966582385425)
(38, 0.001816966582385425)
(39, 0.001816966582385425)
(40, 0.001816966582385425)
(41, 0.001816966582385425)
(42, 0.001816966582385425)
(43, 0.001816966582385425)
(44, 0.001816966582385425)
(45, 0.001816966582385425)
(46, 0.001816966582385425)
(47, 0.001816966582385425)
(48, 0.001816966582385425)
(49, 0.001816966582385425)
(50, 0.001816966582385425)
(51, 0.001816966582385425)
(52, 0.001816966582385425)
(53, 0.001816966582385425)
(54, 0.001816966582385425)
(55, 0.001816966582385425)
(56, 0.001816966582385425)
(57, 0.001816966582385425)
(58, 0.001816966582385425)
(59, 0.001816966582385425)
(60, 0.001816966582385425)
(61, 0.001816966582385425)
(62, 0.001816966582385425)
(63, 0.001816966582385425)
(64, 0.001816966582385425)
(65, 0.001816966582385425)
(66, 0.001816966582385425)
(67, 0.001816966582385425)
(68, 0.001816966582385425)
(69, 0.001816966582385425)
(70, 0.001816966582385425)
(71, 0.001816966582385425)
(72, 0.001816966582385425)
(73, 0.001816966582385425)
(74, 0.001816966582385425)
(75, 0.001816966582385425)
(76, 0.001816966582385425)
(77, 0.001816966582385425)
(78, 0.001816966582385425)
(79, 0.001816966582385425)
(80, 0.001816966582385425)
(81, 0.001816966582385425)
(82, 0.001816966582385425)
(83, 0.001816966582385425)
(84, 0.001816966582385425)
(85, 0.001816966582385425)
(86, 0.001816966582385425)
(87, 0.001816966582385425)
(88, 0.001816966582385425)
(89, 0.001816966582385425)
(90, 0.001816966582385425)
(91, 0.001816966582385425)
(92, 0.001816966582385425)
(93, 0.001816966582385425)
(94, 0.001816966582385425)
(95, 0.001816966582385425)
(96, 0.001816966582385425)
(97, 0.001816966582385425)
(98, 0.001816966582385425)
(99, 0.001816966582385425)
(100, 0.001816966582385425)
(101, 0.001816966582385425)
(102, 0.001816966582385425)
(103, 0.001816966582385425)
(104, 0.001816966582385425)
(105, 0.001816966582385425)
(106, 0.001816966582385425)
(107, 0.001816966582385425)
(108, 0.001816966582385425)
(109, 0.001816966582385425)
(110, 0.001816966582385425)
(111, 0.001816966582385425)
(112, 0.001816966582385425)
(113, 0.001816966582385425)
(114, 0.001816966582385425)
(115, 0.001816966582385425)
(116, 0.001816966582385425)
(117, 0.001816966582385425)
(118, 0.001816966582385425)
(119, 0.001816966582385425)
(120, 0.001816966582385425)
(121, 0.001816966582385425)
(122, 0.001816966582385425)
(123, 0.001816966582385425)
(124, 0.001816966582385425)
(125, 0.001816966582385425)
(126, 0.001816966582385425)
(127, 0.001816966582385425)
(128, 0.001816966582385425)
(129, 0.001816966582385425)
(130, 0.001816966582385425)
(131, 0.001816966582385425)
(132, 0.001816966582385425)
(133, 0.001816966582385425)
(134, 0.001816966582385425)
(135, 0.001816966582385425)
(136, 0.001816966582385425)
(137, 0.001816966582385425)
(138, 0.001816966582385425)
(139, 0.001816966582385425)
(140, 0.001816966582385425)
(141, 0.001816966582385425)
(142, 0.001816966582385425)
(143, 0.001816966582385425)
(144, 0.001816966582385425)
(145, 0.001816966582385425)
(146, 0.001816966582385425)
(147, 0.001816966582385425)
(148, 0.001816966582385425)
(149, 0.001816966582385425)
(150, 0.001816966582385425)
(151, 0.001816966582385425)
(152, 0.001816966582385425)
(153, 0.001816966582385425)
(154, 0.001816966582385425)
(155, 0.001816966582385425)
(156, 0.001816966582385425)
(157, 0.001816966582385425)
(158, 0.001816966582385425)
(159, 0.001816966582385425)
(160, 0.001816966582385425)
(161, 0.001816966582385425)
(162, 0.001816966582385425)
(163, 0.001816966582385425)
(164, 0.001816966582385425)
(165, 0.001816966582385425)
(166, 0.001816966582385425)
(167, 0.001816966582385425)
(168, 0.001816966582385425)
(169, 0.001816966582385425)
(170, 0.001816966582385425)
(171, 0.001816966582385425)
(172, 0.001816966582385425)
(173, 0.001816966582385425)
(174, 0.001816966582385425)
(175, 0.001816966582385425)
(176, 0.001816966582385425)
(177, 0.001816966582385425)
(178, 0.001816966582385425)
(179, 0.001816966582385425)
(180, 0.001816966582385425)
(181, 0.001816966582385425)
(182, 0.001816966582385425)
(183, 0.001816966582385425)
(184, 0.001816966582385425)
(185, 0.001816966582385425)
(186, 0.001816966582385425)
(187, 0.001816966582385425)
(188, 0.001816966582385425)
(189, 0.001816966582385425)
(190, 0.001816966582385425)
(191, 0.001816966582385425)
(192, 0.001816966582385425)
(193, 0.001816966582385425)
(194, 0.001816966582385425)
(195, 0.001816966582385425)
(196, 0.001816966582385425)
(197, 0.001816966582385425)
(198, 0.001816966582385425)
(199, 0.001816966582385425)
(200, 0.001816966582385425)
(201, 0.001816966582385425)
(202, 0.001816966582385425)
(203, 0.001816966582385425)
(204, 0.001816966582385425)
(205, 0.001816966582385425)
(206, 0.001816966582385425)
(207, 0.001816966582385425)
(208, 0.001816966582385425)
(209, 0.001816966582385425)
(210, 0.001816966582385425)
(211, 0.001816966582385425)
(212, 0.001816966582385425)
(213, 0.001816966582385425)
(214, 0.001816966582385425)
(215, 0.001816966582385425)
(216, 0.001816966582385425)
(217, 0.001816966582385425)
(218, 0.001816966582385425)
(219, 0.001816966582385425)
(220, 0.001816966582385425)
(221, 0.001816966582385425)
(222, 0.001816966582385425)
(223, 0.001816966582385425)
(224, 0.001816966582385425)
(225, 0.001816966582385425)
(226, 0.001816966582385425)
(227, 0.001816966582385425)
(228, 0.001816966582385425)
(229, 0.001816966582385425)
(230, 0.001816966582385425)
(231, 0.001816966582385425)
(232, 0.001816966582385425)
(233, 0.001816966582385425)
(234, 0.001816966582385425)
(235, 0.001816966582385425)
(236, 0.001816966582385425)
(237, 0.001816966582385425)
(238, 0.001816966582385425)
(239, 0.001816966582385425)
(240, 0.001816966582385425)
(241, 0.001816966582385425)
(242, 0.001816966582385425)
(243, 0.001816966582385425)
(244, 0.001816966582385425)
(245, 0.001816966582385425)
(246, 0.001816966582385425)
(247, 0.001816966582385425)
(248, 0.001816966582385425)
(249, 0.001816966582385425)
(250, 0.001816966582385425)
(251, 0.001816966582385425)
(252, 0.001816966582385425)
(253, 0.001816966582385425)
(254, 0.001816966582385425)
(255, 0.001816966582385425)
(256, 0.001816966582385425)
(257, 0.001816966582385425)
(258, 0.001816966582385425)
(259, 0.001816966582385425)
(260, 0.001816966582385425)
(261, 0.001816966582385425)
(262, 0.001816966582385425)
(263, 0.001816966582385425)
(264, 0.001816966582385425)
(265, 0.001816966582385425)
(266, 0.001816966582385425)
(267, 0.001816966582385425)
(268, 0.001816966582385425)
(269, 0.001816966582385425)
(270, 0.001816966582385425)
(271, 0.001816966582385425)
(272, 0.001816966582385425)
(273, 0.001816966582385425)
(274, 0.001816966582385425)
(275, 0.001816966582385425)
(276, 0.001816966582385425)
(277, 0.001816966582385425)
(278, 0.001816966582385425)
(279, 0.001816966582385425)
(280, 0.001816966582385425)
(281, 0.001816966582385425)
(282, 0.001816966582385425)
(283, 0.001816966582385425)
(284, 0.001816966582385425)
(285, 0.001816966582385425)
(286, 0.001816966582385425)
(287, 0.001816966582385425)
(288, 0.001816966582385425)
(289, 0.001816966582385425)
(290, 0.001816966582385425)
(291, 0.001816966582385425)
(292, 0.001816966582385425)
(293, 0.001816966582385425)
(294, 0.001816966582385425)
(295, 0.001816966582385425)
(296, 0.001816966582385425)
(297, 0.001816966582385425)
(298, 0.001816966582385425)
(299, 0.001816966582385425)
(300, 0.001816966582385425)
(301, 0.001816966582385425)
(302, 0.001816966582385425)
(303, 0.001816966582385425)
(304, 0.001816966582385425)
(305, 0.001816966582385425)
(306, 0.001816966582385425)
(307, 0.001816966582385425)
(308, 0.001816966582385425)
(309, 0.001816966582385425)
(310, 0.001816966582385425)
(311, 0.001816966582385425)
(312, 0.001816966582385425)
(313, 0.001816966582385425)
(314, 0.001816966582385425)
(315, 0.001816966582385425)
(316, 0.001816966582385425)
(317, 0.001816966582385425)
(318, 0.001816966582385425)
(319, 0.001816966582385425)
(320, 0.001816966582385425)
(321, 0.001816966582385425)
(322, 0.001816966582385425)
(323, 0.001816966582385425)
(324, 0.001816966582385425)
(325, 0.001816966582385425)
(326, 0.001816966582385425)
(327, 0.001816966582385425)
(328, 0.001816966582385425)
(329, 0.001816966582385425)
(330, 0.001816966582385425)
(331, 0.001816966582385425)
(332, 0.001816966582385425)
(333, 0.001816966582385425)
(334, 0.001816966582385425)
(335, 0.001816966582385425)
(336, 0.001816966582385425)
(337, 0.001816966582385425)
(338, 0.001816966582385425)
(339, 0.001816966582385425)
(340, 0.001816966582385425)
(341, 0.001816966582385425)
(342, 0.001816966582385425)
(343, 0.001816966582385425)
(344, 0.001816966582385425)
(345, 0.001816966582385425)
(346, 0.001816966582385425)
(347, 0.001816966582385425)
(348, 0.001816966582385425)
(349, 0.001816966582385425)
(350, 0.001816966582385425)
(351, 0.001816966582385425)
(352, 0.001816966582385425)
(353, 0.001816966582385425)
(354, 0.001816966582385425)
(355, 0.001816966582385425)
(356, 0.001816966582385425)
(357, 0.001816966582385425)
(358, 0.001816966582385425)
(359, 0.001816966582385425)
(360, 0.001816966582385425)
(361, 0.001816966582385425)
(362, 0.001816966582385425)
(363, 0.001816966582385425)
(364, 0.001816966582385425)
(365, 0.001816966582385425)
(366, 0.001816966582385425)
(367, 0.001816966582385425)
(368, 0.001816966582385425)
(369, 0.001816966582385425)
(370, 0.001816966582385425)
(371, 0.001816966582385425)
(372, 0.001816966582385425)
(373, 0.001816966582385425)
(374, 0.001816966582385425)
(375, 0.001816966582385425)
(376, 0.001816966582385425)
(377, 0.001816966582385425)
(378, 0.001816966582385425)
(379, 0.001816966582385425)
(380, 0.001816966582385425)
(381, 0.001816966582385425)
(382, 0.001816966582385425)
(383, 0.001816966582385425)
(384, 0.001816966582385425)
(385, 0.001816966582385425)
(386, 0.001816966582385425)
(387, 0.001816966582385425)
(388, 0.001816966582385425)
(389, 0.001816966582385425)
(390, 0.001816966582385425)
(391, 0.001816966582385425)
(392, 0.001816966582385425)
(393, 0.001816966582385425)
(394, 0.001816966582385425)
(395, 0.001816966582385425)
(396, 0.001816966582385425)
(397, 0.001816966582385425)
(398, 0.001816966582385425)
(399, 0.001816966582385425)
(400, 0.001816966582385425)
(401, 0.001816966582385425)
(402, 0.001816966582385425)
(403, 0.001816966582385425)
(404, 0.001816966582385425)
(405, 0.001816966582385425)
(406, 0.001816966582385425)
(407, 0.001816966582385425)
(408, 0.001818734966399798)
(409, 0.001818734966399798)
(410, 0.001818734966399798)
(411, 0.001818734966399798)
(412, 0.001818734966399798)
(413, 0.001818734966399798)
(414, 0.001818734966399798)
(415, 0.001818734966399798)
(416, 0.001818734966399798)
(417, 0.001818734966399798)
(418, 0.001818734966399798)
(419, 0.001818734966399798)
(420, 0.001818734966399798)
(421, 0.001818734966399798)
(422, 0.001818734966399798)
(423, 0.001818734966399798)
(424, 0.001818734966399798)
(425, 0.001818734966399798)
(426, 0.001818734966399798)
(427, 0.001818734966399798)
(428, 0.001818734966399798)
(429, 0.001818734966399798)
(430, 0.001818734966399798)
(431, 0.001818734966399798)
(432, 0.001818734966399798)
(433, 0.001818734966399798)
(434, 0.001818734966399798)
(435, 0.001818734966399798)
(436, 0.001818734966399798)
(437, 0.001818734966399798)
(438, 0.001818734966399798)
(439, 0.001818734966399798)
(440, 0.001818734966399798)
(441, 0.001818734966399798)
(442, 0.001818734966399798)
(443, 0.001818734966399798)
(444, 0.001818734966399798)
(445, 0.001818734966399798)
(446, 0.001818734966399798)
(447, 0.001818734966399798)
(448, 0.001818734966399798)
(449, 0.001818734966399798)
(450, 0.001818734966399798)
(451, 0.001818734966399798)
(452, 0.001818734966399798)
(453, 0.001818734966399798)
(454, 0.001818734966399798)
(455, 0.001818734966399798)
(456, 0.001818734966399798)
(457, 0.001818734966399798)
(458, 0.001818734966399798)
(459, 0.001818734966399798)
(460, 0.001818734966399798)
(461, 0.001818734966399798)
(462, 0.001818734966399798)
(463, 0.001818734966399798)
(464, 0.001818734966399798)
(465, 0.001818734966399798)
(466, 0.001818734966399798)
(467, 0.001818734966399798)
(468, 0.001818734966399798)
(469, 0.001818734966399798)
(470, 0.001818734966399798)
(471, 0.001818734966399798)
(472, 0.001818734966399798)
(473, 0.001818734966399798)
(474, 0.001818734966399798)
(475, 0.0018191126669869725)
(476, 0.0018191126669869725)
(477, 0.0018191126669869725)
(478, 0.0018191126669869725)
(479, 0.0018191126669869725)
(480, 0.0018191126669869725)
(481, 0.0018191126669869725)
(482, 0.0018191126669869725)
(483, 0.0018191126669869725)
(484, 0.0018191126669869725)
(485, 0.0018191126669869725)
(486, 0.0018191126669869725)
(487, 0.0018191126669869725)
(488, 0.0018191126669869725)
(489, 0.0018191126669869725)
(490, 0.0018191126669869725)
(491, 0.0018191126669869725)
(492, 0.0018191126669869725)
(493, 0.0018191126669869725)
(494, 0.0018191126669869725)
(495, 0.0018191126669869725)
(496, 0.0018191126669869725)
(497, 0.0018191126669869725)
(498, 0.0018191126669869725)
(499, 0.0018191126669869725)
(500, 0.0018191126669869725)
(501, 0.0018191126669869725)
(502, 0.0018191126669869725)
(503, 0.0018191126669869725)
(504, 0.0018191126669869725)
(505, 0.0018191126669869725)
(506, 0.0018191126669869725)
(507, 0.0018191126669869725)
(508, 0.0018191126669869725)
(509, 0.0018191126669869725)
(510, 0.0018191126669869725)
(511, 0.0018191126669869725)
(512, 0.0018191126669869725)
(513, 0.0018191126669869725)
(514, 0.0018191126669869725)
(515, 0.0018191126669869725)
(516, 0.0018191126669869725)
(517, 0.0018191126669869725)
(518, 0.0018191126669869725)
(519, 0.0018191126669869725)
(520, 0.0018191126669869725)
(521, 0.0018191126669869725)
(522, 0.0018191126669869725)
(523, 0.0018191126669869725)
(524, 0.0018191126669869725)
(525, 0.0018191126669869725)
(526, 0.0018191126669869725)
(527, 0.0018191126669869725)
(528, 0.0018191126669869725)
(529, 0.0018191126669869725)
(530, 0.0018191126669869725)
(531, 0.0018191126669869725)
(532, 0.0018191126669869725)
(533, 0.0018191126669869725)
(534, 0.0018191126669869725)
(535, 0.0018191126669869725)
(536, 0.0018191126669869725)
(537, 0.0018191126669869725)
(538, 0.0018191126669869725)
(539, 0.0018191126669869725)
(540, 0.0018191126669869725)
(541, 0.0018191126669869725)
(542, 0.0018191126669869725)
(543, 0.0018191126669869725)
(544, 0.0018191126669869725)
(545, 0.0018191126669869725)
(546, 0.0018191126669869725)
(547, 0.0018191126669869725)
(548, 0.0018191126669869725)
(549, 0.0018191126669869725)
(550, 0.0018191126669869725)
(551, 0.0018191126669869725)
(552, 0.0018191126669869725)
(553, 0.0018191126669869725)
(554, 0.0018191126669869725)
(555, 0.0018191126669869725)
(556, 0.0018191126669869725)
(557, 0.0018191126669869725)
(558, 0.0018191126669869725)
(559, 0.0018191126669869725)
(560, 0.0018191126669869725)
(561, 0.0018191126669869725)
(562, 0.0018191126669869725)
(563, 0.0018191126669869725)
(564, 0.0018191126669869725)
(565, 0.0018191126669869725)
(566, 0.0018191126669869725)
(567, 0.0018191126669869725)
(568, 0.0018191126669869725)
(569, 0.0018191126669869725)
(570, 0.0018191126669869725)
(571, 0.0018191126669869725)
(572, 0.0018191126669869725)
(573, 0.0018191126669869725)
(574, 0.0018191126669869725)
(575, 0.0018191126669869725)
(576, 0.0018191126669869725)
(577, 0.0018191126669869725)
(578, 0.0018191126669869725)
(579, 0.0018191126669869725)
(580, 0.0018191126669869725)
(581, 0.0018191126669869725)
(582, 0.0018191126669869725)
(583, 0.0018191126669869725)
(584, 0.0018191126669869725)
(585, 0.0018191126669869725)
(586, 0.0018191126669869725)
(587, 0.0018191126669869725)
(588, 0.0018191126669869725)
(589, 0.0018191126669869725)
(590, 0.0018191126669869725)
(591, 0.0018191126669869725)
(592, 0.0018191126669869725)
(593, 0.0018191126669869725)
(594, 0.0018191126669869725)
(595, 0.0018191126669869725)
(596, 0.0018191126669869725)
(597, 0.0018191126669869725)
(598, 0.0018191126669869725)
(599, 0.0018191126669869725)
(600, 0.0018191126669869725)
(601, 0.0018191126669869725)
(602, 0.0018191126669869725)
(603, 0.0018191126669869725)
(604, 0.0018191126669869725)
(605, 0.0018191126669869725)
(606, 0.0018191126669869725)
(607, 0.0018191126669869725)
(608, 0.0018191126669869725)
(609, 0.0018191126669869725)
(610, 0.0018191126669869725)
(611, 0.0018191126669869725)
(612, 0.0018191126669869725)
(613, 0.0018191126669869725)
(614, 0.0018191126669869725)
(615, 0.0018191126669869725)
(616, 0.0018191126669869725)
(617, 0.0018191126669869725)
(618, 0.0018191126669869725)
(619, 0.0018191126669869725)
(620, 0.0018191126669869725)
(621, 0.0018191126669869725)
(622, 0.0018191126669869725)
(623, 0.0018191126669869725)
(624, 0.0018191126669869725)
(625, 0.0018191126669869725)
(626, 0.0018191126669869725)
(627, 0.0018191126669869725)
(628, 0.0018191126669869725)
(629, 0.0018191126669869725)
(630, 0.0018191126669869725)
(631, 0.0018191126669869725)
(632, 0.0018191126669869725)
(633, 0.0018191126669869725)
(634, 0.0018191126669869725)
(635, 0.0018191126669869725)
(636, 0.0018191126669869725)
(637, 0.0018191126669869725)
(638, 0.0018191126669869725)
(639, 0.0018191126669869725)
(640, 0.0018191126669869725)
(641, 0.0018191126669869725)
(642, 0.0018191126669869725)
(643, 0.0018191126669869725)
(644, 0.0018191126669869725)
(645, 0.0018191126669869725)
(646, 0.0018191126669869725)
(647, 0.0018191126669869725)
(648, 0.0018191126669869725)
(649, 0.0018191126669869725)
(650, 0.0018191126669869725)
(651, 0.0018191126669869725)
(652, 0.0018191126669869725)
(653, 0.0018191126669869725)
(654, 0.0018191126669869725)
(655, 0.0018191126669869725)
(656, 0.0018191126669869725)
(657, 0.0018191126669869725)
(658, 0.0018191126669869725)
(659, 0.0018191126669869725)
(660, 0.0018191126669869725)
(661, 0.0018191126669869725)
(662, 0.0018191126669869725)
(663, 0.0018191126669869725)
(664, 0.0018191126669869725)
(665, 0.0018191126669869725)
(666, 0.0018191126669869725)
(667, 0.0018191126669869725)
(668, 0.0018191126669869725)
(669, 0.0018191126669869725)
(670, 0.0018191126669869725)
(671, 0.0018191126669869725)
(672, 0.0018191126669869725)
(673, 0.0018191126669869725)
(674, 0.0018191126669869725)
(675, 0.0018191126669869725)
(676, 0.0018191126669869725)
(677, 0.0018191126669869725)
(678, 0.0018191126669869725)
(679, 0.0018191126669869725)
(680, 0.0018191126669869725)
(681, 0.0018191126669869725)
(682, 0.0018191126669869725)
(683, 0.0018191126669869725)
(684, 0.0018191126669869725)
(685, 0.0018191126669869725)
(686, 0.0018191126669869725)
(687, 0.0018191126669869725)
(688, 0.0018191126669869725)
(689, 0.0018191126669869725)
(690, 0.0018191126669869725)
(691, 0.0018191126669869725)
(692, 0.0018191126669869725)
(693, 0.0018191126669869725)
(694, 0.0018191126669869725)
(695, 0.0018191126669869725)
(696, 0.0018191126669869725)
(697, 0.0018191126669869725)
(698, 0.0018191126669869725)
(699, 0.0018191126669869725)
(700, 0.0018191126669869725)
(701, 0.0018191126669869725)
(702, 0.0018191126669869725)
(703, 0.0018191126669869725)
(704, 0.0018191126669869725)
(705, 0.0018191126669869725)
(706, 0.0018191126669869725)
(707, 0.0018191126669869725)
(708, 0.0018191126669869725)
(709, 0.0018191126669869725)
(710, 0.0018191126669869725)
(711, 0.0018191126669869725)
(712, 0.0018191126669869725)
(713, 0.0018191126669869725)
(714, 0.0018191126669869725)
(715, 0.0018191126669869725)
(716, 0.0018191126669869725)
(717, 0.0018191126669869725)
(718, 0.0018191126669869725)
(719, 0.0018191126669869725)
(720, 0.0018191126669869725)
(721, 0.0018191126669869725)
(722, 0.0018191126669869725)
(723, 0.0018191126669869725)
(724, 0.0018191126669869725)
(725, 0.0018191126669869725)
(726, 0.0018191126669869725)
(727, 0.0018191126669869725)
(728, 0.0018191126669869725)
(729, 0.0018191126669869725)
(730, 0.0018191126669869725)
(731, 0.0018191126669869725)
(732, 0.0018191126669869725)
(733, 0.0018191126669869725)
(734, 0.0018191126669869725)
(735, 0.0018191126669869725)
(736, 0.0018191126669869725)
(737, 0.0018191126669869725)
(738, 0.0018191126669869725)
(739, 0.0018191126669869725)
(740, 0.0018191126669869725)
(741, 0.0018191126669869725)
(742, 0.0018191126669869725)
(743, 0.0018191126669869725)
(744, 0.0018191126669869725)
(745, 0.0018191126669869725)
(746, 0.0018191126669869725)
(747, 0.0018191126669869725)
(748, 0.0018191126669869725)
(749, 0.0018191126669869725)
(750, 0.0018191126669869725)
(751, 0.0018191126669869725)
(752, 0.0018191126669869725)
(753, 0.0018191126669869725)
(754, 0.0018191126669869725)
(755, 0.0018191126669869725)
(756, 0.0018191126669869725)
(757, 0.0018191126669869725)
(758, 0.0018191126669869725)
(759, 0.0018191126669869725)
(760, 0.0018191126669869725)
(761, 0.0018191126669869725)
(762, 0.0018191126669869725)
(763, 0.0018191126669869725)
(764, 0.0018191126669869725)
(765, 0.0018191126669869725)
(766, 0.0018191126669869725)
(767, 0.0018191126669869725)
(768, 0.0018191126669869725)
(769, 0.0018191126669869725)
(770, 0.0018191126669869725)
(771, 0.0018191126669869725)
(772, 0.0018191126669869725)
(773, 0.0018191126669869725)
(774, 0.0018191126669869725)
(775, 0.0018191126669869725)
(776, 0.0018191126669869725)
(777, 0.0018191126669869725)
(778, 0.0018191126669869725)
(779, 0.0018191126669869725)
(780, 0.0018191126669869725)
(781, 0.0018191126669869725)
(782, 0.0018191126669869725)
(783, 0.0018191126669869725)
(784, 0.0018191126669869725)
(785, 0.0018191126669869725)
(786, 0.0018191126669869725)
(787, 0.0018191126669869725)
(788, 0.0018191126669869725)
(789, 0.0018191126669869725)
(790, 0.0018191126669869725)
(791, 0.0018191126669869725)
(792, 0.0018191126669869725)
(793, 0.0018191126669869725)
(794, 0.0018191126669869725)
(795, 0.0018191126669869725)
(796, 0.0018191126669869725)
(797, 0.0018191126669869725)
(798, 0.0018191126669869725)
(799, 0.0018191126669869725)
(800, 0.0018191126669869725)
(801, 0.0018191126669869725)
(802, 0.0018191126669869725)
(803, 0.0018191126669869725)
(804, 0.0018191126669869725)
(805, 0.0018191126669869725)
(806, 0.0018191126669869725)
(807, 0.0018191126669869725)
(808, 0.0018191126669869725)
(809, 0.0018191126669869725)
(810, 0.0018191126669869725)
(811, 0.0018191126669869725)
(812, 0.0018191126669869725)
(813, 0.0018191126669869725)
(814, 0.0018191126669869725)
(815, 0.0018191126669869725)
(816, 0.0018191126669869725)
(817, 0.0018191126669869725)
(818, 0.0018191126669869725)
(819, 0.0018191126669869725)
(820, 0.0018191126669869725)
(821, 0.0018191126669869725)
(822, 0.0018191126669869725)
(823, 0.0018191126669869725)
(824, 0.0018191126669869725)
(825, 0.0018191126669869725)
(826, 0.0018191126669869725)
(827, 0.0018191126669869725)
(828, 0.0018191126669869725)
(829, 0.0018191126669869725)
(830, 0.0018191126669869725)
(831, 0.0018191126669869725)
(832, 0.0018191126669869725)
(833, 0.0018191126669869725)
(834, 0.0018191126669869725)
(835, 0.0018191126669869725)
(836, 0.0018191126669869725)
(837, 0.0018191126669869725)
(838, 0.0018191126669869725)
(839, 0.0018191126669869725)
(840, 0.0018191126669869725)
(841, 0.0018191126669869725)
(842, 0.0018191126669869725)
(843, 0.0018191126669869725)
(844, 0.0018191126669869725)
(845, 0.0018191126669869725)
(846, 0.0018191126669869725)
(847, 0.0018191126669869725)
(848, 0.0018191126669869725)
(849, 0.0018191126669869725)
(850, 0.0018191126669869725)
(851, 0.0018191126669869725)
(852, 0.0018191126669869725)
(853, 0.0018191126669869725)
(854, 0.0018191126669869725)
(855, 0.0018191126669869725)
(856, 0.0018191126669869725)
(857, 0.0018191126669869725)
(858, 0.0018191126669869725)
(859, 0.0018191126669869725)
(860, 0.0018191126669869725)
(861, 0.0018191126669869725)
(862, 0.0018191126669869725)
(863, 0.0018191126669869725)
(864, 0.0018191126669869725)
(865, 0.0018191126669869725)
(866, 0.0018191126669869725)
(867, 0.0018191126669869725)
(868, 0.0018191126669869725)
(869, 0.0018191126669869725)
(870, 0.0018191126669869725)
(871, 0.0018191126669869725)
(872, 0.0018191126669869725)
(873, 0.0018191126669869725)
(874, 0.0018191126669869725)
(875, 0.0018191126669869725)
(876, 0.0018191126669869725)
(877, 0.0018191126669869725)
(878, 0.0018191126669869725)
(879, 0.0018191126669869725)
(880, 0.0018191126669869725)
(881, 0.0018191126669869725)
(882, 0.0018191126669869725)
(883, 0.0018191126669869725)
(884, 0.0018191126669869725)
(885, 0.0018191126669869725)
(886, 0.0018191126669869725)
(887, 0.0018191126669869725)
(888, 0.0018191126669869725)
(889, 0.0018191126669869725)
(890, 0.0018191126669869725)
(891, 0.0018191126669869725)
(892, 0.0018191126669869725)
(893, 0.0018191126669869725)
(894, 0.0018191126669869725)
(895, 0.0018191126669869725)
(896, 0.0018191126669869725)
(897, 0.0018191126669869725)
(898, 0.0018191126669869725)
(899, 0.0018191126669869725)
(900, 0.0018191126669869725)
(901, 0.0018191126669869725)
(902, 0.0018191126669869725)
(903, 0.0018191126669869725)
(904, 0.0018191126669869725)
(905, 0.0018191126669869725)
(906, 0.0018191126669869725)
(907, 0.0018191126669869725)
(908, 0.0018191126669869725)
(909, 0.0018191126669869725)
(910, 0.0018191126669869725)
(911, 0.0018191126669869725)
(912, 0.0018191126669869725)
(913, 0.0018191126669869725)
(914, 0.0018191126669869725)
(915, 0.0018191126669869725)
(916, 0.0018191126669869725)
(917, 0.0018191126669869725)
(918, 0.0018191126669869725)
(919, 0.0018191126669869725)
(920, 0.0018191126669869725)
(921, 0.0018191126669869725)
(922, 0.0018191126669869725)
(923, 0.0018191126669869725)
(924, 0.0018191126669869725)
(925, 0.0018191126669869725)
(926, 0.0018191126669869725)
(927, 0.0018191126669869725)
(928, 0.0018191126669869725)
(929, 0.0018191126669869725)
(930, 0.0018191126669869725)
(931, 0.0018191126669869725)
(932, 0.0018191126669869725)
(933, 0.0018191126669869725)
(934, 0.0018191126669869725)
(935, 0.0018191126669869725)
(936, 0.0018191126669869725)
(937, 0.0018191126669869725)
(938, 0.0018191126669869725)
(939, 0.0018191126669869725)
(940, 0.0018191126669869725)
(941, 0.0018191126669869725)
(942, 0.0018191126669869725)
(943, 0.0018191126669869725)
(944, 0.0018191126669869725)
(945, 0.0018191126669869725)
(946, 0.0018191126669869725)
(947, 0.0018191126669869725)
(948, 0.0018191126669869725)
(949, 0.0018191126669869725)
(950, 0.0018191126669869725)
(951, 0.0018191126669869725)
(952, 0.0018191126669869725)
(953, 0.0018191126669869725)
(954, 0.0018191126669869725)
(955, 0.0018191126669869725)
(956, 0.0018191126669869725)
(957, 0.0018191126669869725)
(958, 0.0018191126669869725)
(959, 0.0018191126669869725)
(960, 0.0018191126669869725)
(961, 0.0018191126669869725)
(962, 0.0018191126669869725)
(963, 0.0018191126669869725)
(964, 0.0018191126669869725)
(965, 0.0018191126669869725)
(966, 0.0018191126669869725)
(967, 0.0018191126669869725)
(968, 0.0018191126669869725)
(969, 0.0018191126669869725)
(970, 0.0018191126669869725)
(971, 0.0018191126669869725)
(972, 0.0018191126669869725)
(973, 0.0018191126669869725)
(974, 0.0018191126669869725)
(975, 0.0018191126669869725)
(976, 0.0018191126669869725)
(977, 0.0018191126669869725)
(978, 0.0018191126669869725)
(979, 0.0018191126669869725)
(980, 0.0018191126669869725)
(981, 0.0018191126669869725)
(982, 0.0018191126669869725)
(983, 0.0018191126669869725)
(984, 0.0018191126669869725)
(985, 0.0018191126669869725)
(986, 0.0018191126669869725)
(987, 0.0018191126669869725)
(988, 0.0018191126669869725)
(989, 0.0018191126669869725)
(990, 0.0018191126669869725)
(991, 0.0018191126669869725)
(992, 0.0018191126669869725)
(993, 0.0018191126669869725)
(994, 0.0018191126669869725)
(995, 0.0018191126669869725)
(996, 0.0018191126669869725)
(997, 0.0018191126669869725)
(998, 0.0018191126669869725)
(999, 0.0018191126669869725)
(1000, 0.0018191126669869725)
(1001, 0.0018191126669869725)
(1002, 0.0018191126669869725)
(1003, 0.0018191126669869725)
(1004, 0.0018191126669869725)
(1005, 0.0018191126669869725)
(1006, 0.0018191126669869725)
(1007, 0.0018191126669869725)
(1008, 0.0018191126669869725)
(1009, 0.0018191126669869725)
(1010, 0.0018191126669869725)
(1011, 0.0018191126669869725)
(1012, 0.0018191126669869725)
(1013, 0.0018191126669869725)
(1014, 0.0018191126669869725)
(1015, 0.0018191126669869725)
(1016, 0.0018191126669869725)
(1017, 0.0018208252202586487)
(1018, 0.0018208252202586487)
(1019, 0.0018208252202586487)
(1020, 0.0018208252202586487)
(1021, 0.0018208252202586487)
(1022, 0.0018208252202586487)
(1023, 0.0018389942459453867)
(1024, 0.0018389942459453867)
(1025, 0.0018389942459453867)
(1026, 0.0018389942459453867)
(1027, 0.0018389942459453867)
(1028, 0.0018389942459453867)
(1029, 0.0018389942459453867)
(1030, 0.0018389942459453867)
(1031, 0.0018389942459453867)
(1032, 0.0018389942459453867)
(1033, 0.0018389942459453867)
(1034, 0.0018389942459453867)
(1035, 0.0018389942459453867)
(1036, 0.0018389942459453867)
(1037, 0.0018389942459453867)
(1038, 0.0018389942459453867)
(1039, 0.0018389942459453867)
(1040, 0.0018389942459453867)
(1041, 0.0018389942459453867)
(1042, 0.0018389942459453867)
(1043, 0.0018389942459453867)
(1044, 0.0018389942459453867)
(1045, 0.0018389942459453867)
(1046, 0.0018389942459453867)
(1047, 0.0018389942459453867)
(1048, 0.0018389942459453867)
(1049, 0.0018389942459453867)
(1050, 0.0018389942459453867)
(1051, 0.0018389942459453867)
(1052, 0.0018389942459453867)
(1053, 0.0018389942459453867)
(1054, 0.0018389942459453867)
(1055, 0.0018389942459453867)
(1056, 0.0018389942459453867)
(1057, 0.0018389942459453867)
(1058, 0.0018389942459453867)
(1059, 0.0018389942459453867)
(1060, 0.0018389942459453867)
(1061, 0.0018389942459453867)
(1062, 0.0018389942459453867)
(1063, 0.0018389942459453867)
(1064, 0.0018389942459453867)
(1065, 0.0018389942459453867)
(1066, 0.0018389942459453867)
(1067, 0.0018389942459453867)
(1068, 0.0018389942459453867)
(1069, 0.0018389942459453867)
(1070, 0.0018389942459453867)
(1071, 0.0018389942459453867)
(1072, 0.0018389942459453867)
(1073, 0.0018389942459453867)
(1074, 0.0018389942459453867)
(1075, 0.0018389942459453867)
(1076, 0.0018389942459453867)
(1077, 0.0018389942459453867)
(1078, 0.0018389942459453867)
(1079, 0.0018389942459453867)
(1080, 0.0018389942459453867)
(1081, 0.0018389942459453867)
(1082, 0.0018389942459453867)
(1083, 0.0018389942459453867)
(1084, 0.0018389942459453867)
(1085, 0.0018389942459453867)
(1086, 0.0018389942459453867)
(1087, 0.0018389942459453867)
(1088, 0.0018389942459453867)
(1089, 0.0018389942459453867)
(1090, 0.0018389942459453867)
(1091, 0.0018389942459453867)
(1092, 0.0018389942459453867)
(1093, 0.0018389942459453867)
(1094, 0.0018389942459453867)
(1095, 0.0018389942459453867)
(1096, 0.0018389942459453867)
(1097, 0.0018389942459453867)
(1098, 0.0018389942459453867)
(1099, 0.0018389942459453867)
(1100, 0.0018389942459453867)
(1101, 0.0018389942459453867)
(1102, 0.0018389942459453867)
(1103, 0.0018389942459453867)
(1104, 0.0018389942459453867)
(1105, 0.0018389942459453867)
(1106, 0.0018389942459453867)
(1107, 0.0018389942459453867)
(1108, 0.0018389942459453867)
(1109, 0.0018389942459453867)
(1110, 0.0018389942459453867)
(1111, 0.0018389942459453867)
(1112, 0.0018389942459453867)
(1113, 0.0018389942459453867)
(1114, 0.0018389942459453867)
(1115, 0.0018389942459453867)
(1116, 0.0018389942459453867)
(1117, 0.0018389942459453867)
(1118, 0.0018389942459453867)
(1119, 0.0018389942459453867)
(1120, 0.0018389942459453867)
(1121, 0.0018389942459453867)
(1122, 0.0018389942459453867)
(1123, 0.0018389942459453867)
(1124, 0.0018389942459453867)
(1125, 0.0018389942459453867)
(1126, 0.0018389942459453867)
(1127, 0.0018389942459453867)
(1128, 0.0018389942459453867)
(1129, 0.0018389942459453867)
(1130, 0.0018389942459453867)
(1131, 0.0018389942459453867)
(1132, 0.0018389942459453867)
(1133, 0.0018389942459453867)
(1134, 0.0018389942459453867)
(1135, 0.0018389942459453867)
(1136, 0.0018389942459453867)
(1137, 0.0018389942459453867)
(1138, 0.0018389942459453867)
(1139, 0.0018389942459453867)
(1140, 0.0018389942459453867)
(1141, 0.0018389942459453867)
(1142, 0.0018389942459453867)
(1143, 0.0018389942459453867)
(1144, 0.0018389942459453867)
(1145, 0.0018389942459453867)
(1146, 0.0018389942459453867)
(1147, 0.0018389942459453867)
(1148, 0.0018389942459453867)
(1149, 0.0018389942459453867)
(1150, 0.0018389942459453867)
(1151, 0.0018389942459453867)
(1152, 0.0018389942459453867)
(1153, 0.0018389942459453867)
(1154, 0.0018389942459453867)
(1155, 0.0018389942459453867)
(1156, 0.0018389942459453867)
(1157, 0.0018389942459453867)
(1158, 0.0018389942459453867)
(1159, 0.0018389942459453867)
(1160, 0.0018389942459453867)
(1161, 0.0018389942459453867)
(1162, 0.0018389942459453867)
(1163, 0.0018389942459453867)
(1164, 0.0018389942459453867)
(1165, 0.0018389942459453867)
(1166, 0.0018389942459453867)
(1167, 0.0018389942459453867)
(1168, 0.0018389942459453867)
(1169, 0.0018389942459453867)
(1170, 0.0018389942459453867)
(1171, 0.0018389942459453867)
(1172, 0.0018389942459453867)
(1173, 0.0018389942459453867)
(1174, 0.0018389942459453867)
(1175, 0.0018389942459453867)
(1176, 0.0018389942459453867)
(1177, 0.0018389942459453867)
(1178, 0.0018389942459453867)
(1179, 0.0018389942459453867)
(1180, 0.0018389942459453867)
(1181, 0.0018389942459453867)
(1182, 0.0018389942459453867)
(1183, 0.0018389942459453867)
(1184, 0.0018389942459453867)
(1185, 0.0018389942459453867)
(1186, 0.0018389942459453867)
(1187, 0.0018389942459453867)
(1188, 0.0018389942459453867)
(1189, 0.0018389942459453867)
(1190, 0.0018389942459453867)
(1191, 0.0018389942459453867)
(1192, 0.0018389942459453867)
(1193, 0.0018389942459453867)
(1194, 0.0018389942459453867)
(1195, 0.0018389942459453867)
(1196, 0.0018389942459453867)
(1197, 0.0018389942459453867)
(1198, 0.0018389942459453867)
(1199, 0.0018389942459453867)
(1200, 0.0018389942459453867)
(1201, 0.0018389942459453867)
(1202, 0.0018389942459453867)
(1203, 0.0018389942459453867)
(1204, 0.0018389942459453867)
(1205, 0.0018389942459453867)
(1206, 0.0018389942459453867)
(1207, 0.0018389942459453867)
(1208, 0.0018389942459453867)
(1209, 0.0018389942459453867)
(1210, 0.0018389942459453867)
(1211, 0.0018389942459453867)
(1212, 0.0018389942459453867)
(1213, 0.0018389942459453867)
(1214, 0.0018389942459453867)
(1215, 0.0018389942459453867)
(1216, 0.0018389942459453867)
(1217, 0.0018389942459453867)
(1218, 0.0018389942459453867)
(1219, 0.0018389942459453867)
(1220, 0.0018389942459453867)
(1221, 0.0018389942459453867)
(1222, 0.0018389942459453867)
(1223, 0.0018389942459453867)
(1224, 0.0018389942459453867)
(1225, 0.0018389942459453867)
(1226, 0.0018389942459453867)
(1227, 0.0018389942459453867)
(1228, 0.0018389942459453867)
(1229, 0.0018389942459453867)
(1230, 0.0018389942459453867)
(1231, 0.0018389942459453867)
(1232, 0.0018389942459453867)
(1233, 0.0018389942459453867)
(1234, 0.0018389942459453867)
(1235, 0.0018389942459453867)
(1236, 0.0018389942459453867)
(1237, 0.0018389942459453867)
(1238, 0.0018389942459453867)
(1239, 0.0018389942459453867)
(1240, 0.0018389942459453867)
(1241, 0.0018389942459453867)
(1242, 0.0018389942459453867)
(1243, 0.0018389942459453867)
(1244, 0.0018389942459453867)
(1245, 0.0018389942459453867)
(1246, 0.0018389942459453867)
(1247, 0.0018389942459453867)
(1248, 0.0018389942459453867)
(1249, 0.0018389942459453867)
(1250, 0.0018389942459453867)
(1251, 0.0018389942459453867)
(1252, 0.0018389942459453867)
(1253, 0.0018389942459453867)
(1254, 0.0018389942459453867)
(1255, 0.0018389942459453867)
(1256, 0.0018389942459453867)
(1257, 0.0018389942459453867)
(1258, 0.0018389942459453867)
(1259, 0.0018389942459453867)
(1260, 0.0018389942459453867)
(1261, 0.0018389942459453867)
(1262, 0.0018389942459453867)
(1263, 0.0018389942459453867)
(1264, 0.0018389942459453867)
(1265, 0.0018389942459453867)
(1266, 0.0018389942459453867)
(1267, 0.0018389942459453867)
(1268, 0.0018389942459453867)
(1269, 0.0018389942459453867)
(1270, 0.0018389942459453867)
(1271, 0.0018389942459453867)
(1272, 0.0018389942459453867)
(1273, 0.0018389942459453867)
(1274, 0.0018389942459453867)
(1275, 0.0018389942459453867)
(1276, 0.0018389942459453867)
(1277, 0.0018389942459453867)
(1278, 0.0018389942459453867)
(1279, 0.0018389942459453867)
(1280, 0.0018389942459453867)
(1281, 0.0018389942459453867)
(1282, 0.0018389942459453867)
(1283, 0.0018389942459453867)
(1284, 0.0018389942459453867)
(1285, 0.0018389942459453867)
(1286, 0.0018389942459453867)
(1287, 0.0018389942459453867)
(1288, 0.0018389942459453867)
(1289, 0.0018389942459453867)
(1290, 0.0018389942459453867)
(1291, 0.0018389942459453867)
(1292, 0.0018389942459453867)
(1293, 0.0018389942459453867)
(1294, 0.0018389942459453867)
(1295, 0.0018389942459453867)
(1296, 0.0018389942459453867)
(1297, 0.0018389942459453867)
(1298, 0.0018389942459453867)
(1299, 0.0018389942459453867)
(1300, 0.0018389942459453867)
(1301, 0.0018389942459453867)
(1302, 0.0018389942459453867)
(1303, 0.0018389942459453867)
(1304, 0.0018389942459453867)
(1305, 0.0018389942459453867)
(1306, 0.0018389942459453867)
(1307, 0.0018389942459453867)
(1308, 0.0018389942459453867)
(1309, 0.0018389942459453867)
(1310, 0.0018389942459453867)
(1311, 0.0018389942459453867)
(1312, 0.0018389942459453867)
(1313, 0.0018389942459453867)
(1314, 0.0018389942459453867)
(1315, 0.0018389942459453867)
(1316, 0.0018389942459453867)
(1317, 0.0018389942459453867)
(1318, 0.0018389942459453867)
(1319, 0.0018389942459453867)
(1320, 0.0018389942459453867)
(1321, 0.0018389942459453867)
(1322, 0.0018389942459453867)
(1323, 0.0018389942459453867)
(1324, 0.0018389942459453867)
(1325, 0.0018389942459453867)
(1326, 0.0018389942459453867)
(1327, 0.0018389942459453867)
(1328, 0.0018389942459453867)
(1329, 0.0018389942459453867)
(1330, 0.0018389942459453867)
(1331, 0.0018389942459453867)
(1332, 0.0018389942459453867)
(1333, 0.0018389942459453867)
(1334, 0.0018389942459453867)
(1335, 0.0018389942459453867)
(1336, 0.0018389942459453867)
(1337, 0.0018389942459453867)
(1338, 0.0018389942459453867)
(1339, 0.0018389942459453867)
(1340, 0.0018389942459453867)
(1341, 0.0018389942459453867)
(1342, 0.0018389942459453867)
(1343, 0.0018389942459453867)
(1344, 0.0018389942459453867)
(1345, 0.0018389942459453867)
(1346, 0.0018389942459453867)
(1347, 0.0018389942459453867)
(1348, 0.0018389942459453867)
(1349, 0.0018389942459453867)
(1350, 0.0018389942459453867)
(1351, 0.0018389942459453867)
(1352, 0.0018389942459453867)
(1353, 0.0018389942459453867)
(1354, 0.0018389942459453867)
(1355, 0.0018389942459453867)
(1356, 0.0018389942459453867)
(1357, 0.0018389942459453867)
(1358, 0.0018389942459453867)
(1359, 0.0018389942459453867)
(1360, 0.0018389942459453867)
(1361, 0.0018389942459453867)
(1362, 0.0018389942459453867)
(1363, 0.0018389942459453867)
(1364, 0.0018389942459453867)
(1365, 0.0018389942459453867)
(1366, 0.0018389942459453867)
(1367, 0.0018389942459453867)
(1368, 0.0018389942459453867)
(1369, 0.0018389942459453867)
(1370, 0.0018389942459453867)
(1371, 0.0018389942459453867)
(1372, 0.0018389942459453867)
(1373, 0.0018389942459453867)
(1374, 0.0018389942459453867)
(1375, 0.0018389942459453867)
(1376, 0.0018389942459453867)
(1377, 0.0018389942459453867)
(1378, 0.0018389942459453867)
(1379, 0.0018389942459453867)
(1380, 0.0018389942459453867)
(1381, 0.0018389942459453867)
(1382, 0.0018389942459453867)
(1383, 0.0018389942459453867)
(1384, 0.0018389942459453867)
(1385, 0.0018389942459453867)
(1386, 0.0018389942459453867)
(1387, 0.0018389942459453867)
(1388, 0.0018389942459453867)
(1389, 0.0018389942459453867)
(1390, 0.0018389942459453867)
(1391, 0.0018389942459453867)
(1392, 0.0018389942459453867)
(1393, 0.0018389942459453867)
(1394, 0.0018389942459453867)
(1395, 0.0018389942459453867)
(1396, 0.0018389942459453867)
(1397, 0.0018389942459453867)
(1398, 0.0018389942459453867)
(1399, 0.0018389942459453867)
(1400, 0.0018389942459453867)
(1401, 0.0018389942459453867)
(1402, 0.0018389942459453867)
(1403, 0.0018389942459453867)
(1404, 0.0018389942459453867)
(1405, 0.0018389942459453867)
(1406, 0.0018389942459453867)
(1407, 0.0018389942459453867)
(1408, 0.0018389942459453867)
(1409, 0.0018389942459453867)
(1410, 0.0018389942459453867)
(1411, 0.0018389942459453867)
(1412, 0.0018389942459453867)
(1413, 0.0018389942459453867)
(1414, 0.0018389942459453867)
(1415, 0.0018389942459453867)
(1416, 0.0018389942459453867)
(1417, 0.0018389942459453867)
(1418, 0.0018389942459453867)
(1419, 0.0018389942459453867)
(1420, 0.0018389942459453867)
(1421, 0.0018389942459453867)
(1422, 0.0018389942459453867)
(1423, 0.0018389942459453867)
(1424, 0.0018444483860507815)
(1425, 0.0018444483860507815)
(1426, 0.0018444483860507815)
(1427, 0.0018444483860507815)
(1428, 0.0018444483860507815)
(1429, 0.0018444483860507815)
(1430, 0.0018444483860507815)
(1431, 0.0018444483860507815)
(1432, 0.0018444483860507815)
(1433, 0.0018444483860507815)
(1434, 0.0018444483860507815)
(1435, 0.0018444483860507815)
(1436, 0.0018444483860507815)
(1437, 0.0018444483860507815)
(1438, 0.0018444483860507815)
(1439, 0.0018444483860507815)
(1440, 0.0018444483860507815)
(1441, 0.0018444483860507815)
(1442, 0.0018444483860507815)
(1443, 0.0018444483860507815)
(1444, 0.0018444483860507815)
(1445, 0.0018444483860507815)
(1446, 0.0018444483860507815)
(1447, 0.0018444483860507815)
(1448, 0.0018444483860507815)
(1449, 0.0018444483860507815)
(1450, 0.0018444483860507815)
(1451, 0.0018444483860507815)
(1452, 0.0018444483860507815)
(1453, 0.0018444483860507815)
(1454, 0.0018444483860507815)
(1455, 0.0018444483860507815)
(1456, 0.0018444483860507815)
(1457, 0.0018444483860507815)
(1458, 0.0018444483860507815)
(1459, 0.0018444483860507815)
(1460, 0.0018444483860507815)
(1461, 0.0018444483860507815)
(1462, 0.0018444483860507815)
(1463, 0.0018444483860507815)
(1464, 0.0018444483860507815)
(1465, 0.0018444483860507815)
(1466, 0.0018444483860507815)
(1467, 0.0018444483860507815)
(1468, 0.0018444483860507815)
(1469, 0.0018444483860507815)
(1470, 0.0018444483860507815)
(1471, 0.0018444483860507815)
(1472, 0.0018444483860507815)
(1473, 0.0018444483860507815)
(1474, 0.0018444483860507815)
(1475, 0.0018444483860507815)
(1476, 0.0018444483860507815)
(1477, 0.0018444483860507815)
(1478, 0.0018444483860507815)
(1479, 0.0018444483860507815)
(1480, 0.0018444483860507815)
(1481, 0.0018444483860507815)
(1482, 0.0018444483860507815)
(1483, 0.0018444483860507815)
(1484, 0.0018444483860507815)
(1485, 0.0018444483860507815)
(1486, 0.0018444483860507815)
(1487, 0.0018444483860507815)
(1488, 0.0018444483860507815)
(1489, 0.0018444483860507815)
(1490, 0.0018444483860507815)
(1491, 0.0018444483860507815)
(1492, 0.0018444483860507815)
(1493, 0.0018444483860507815)
(1494, 0.0018444483860507815)
(1495, 0.0018444483860507815)
(1496, 0.0018444483860507815)
(1497, 0.0018444483860507815)
(1498, 0.0018444483860507815)
(1499, 0.0018444483860507815)
(1500, 0.0018444483860507815)
(1501, 0.0018444483860507815)
(1502, 0.0018444483860507815)
(1503, 0.0018444483860507815)
(1504, 0.0018444483860507815)
(1505, 0.0018444483860507815)
(1506, 0.0018444483860507815)
(1507, 0.0018444483860507815)
(1508, 0.0018444483860507815)
(1509, 0.0018444483860507815)
(1510, 0.0018444483860507815)
(1511, 0.0018444483860507815)
(1512, 0.0018444483860507815)
(1513, 0.0018444483860507815)
(1514, 0.0018444483860507815)
(1515, 0.0018444483860507815)
(1516, 0.0018444483860507815)
(1517, 0.0018444483860507815)
(1518, 0.0018444483860507815)
(1519, 0.0018444483860507815)
(1520, 0.0018444483860507815)
(1521, 0.0018444483860507815)
(1522, 0.0018444483860507815)
(1523, 0.0018444483860507815)
(1524, 0.0018444483860507815)
(1525, 0.0018444483860507815)
(1526, 0.0018444483860507815)
(1527, 0.0018444483860507815)
(1528, 0.0018444483860507815)
(1529, 0.0018444483860507815)
(1530, 0.0018444483860507815)
(1531, 0.0018444483860507815)
(1532, 0.0018444483860507815)
(1533, 0.0018444483860507815)
(1534, 0.0018444483860507815)
(1535, 0.0018444483860507815)
(1536, 0.0018444483860507815)
(1537, 0.0018444483860507815)
(1538, 0.0018444483860507815)
(1539, 0.0018444483860507815)
(1540, 0.0018444483860507815)
(1541, 0.0018444483860507815)
(1542, 0.0018444483860507815)
(1543, 0.0018444483860507815)
(1544, 0.0018444483860507815)
(1545, 0.0018444483860507815)
(1546, 0.0018444483860507815)
(1547, 0.0018444483860507815)
(1548, 0.0018444483860507815)
(1549, 0.0018444483860507815)
(1550, 0.0018444483860507815)
(1551, 0.0018444483860507815)
(1552, 0.0018444483860507815)
(1553, 0.0018444483860507815)
(1554, 0.0018444483860507815)
(1555, 0.0018444483860507815)
(1556, 0.0018444483860507815)
(1557, 0.0018444483860507815)
(1558, 0.0018444483860507815)
(1559, 0.0018444483860507815)
(1560, 0.0018444483860507815)
(1561, 0.0018444483860507815)
(1562, 0.0018444483860507815)
(1563, 0.0018444483860507815)
(1564, 0.0018444483860507815)
(1565, 0.0018444483860507815)
(1566, 0.0018444483860507815)
(1567, 0.0018444483860507815)
(1568, 0.0018444483860507815)
(1569, 0.0018444483860507815)
(1570, 0.0018444483860507815)
(1571, 0.0018444483860507815)
(1572, 0.0018444483860507815)
(1573, 0.0018444483860507815)
(1574, 0.0018444483860507815)
(1575, 0.0018444483860507815)
(1576, 0.0018444483860507815)
(1577, 0.0018444483860507815)
(1578, 0.0018444483860507815)
(1579, 0.0018444483860507815)
(1580, 0.0018444483860507815)
(1581, 0.0018444483860507815)
(1582, 0.0018444483860507815)
(1583, 0.0018444483860507815)
(1584, 0.0018444483860507815)
(1585, 0.0018444483860507815)
(1586, 0.0018444483860507815)
(1587, 0.0018444483860507815)
(1588, 0.0018444483860507815)
(1589, 0.0018444483860507815)
(1590, 0.0018444483860507815)
(1591, 0.0018444483860507815)
(1592, 0.0018444483860507815)
(1593, 0.0018444483860507815)
(1594, 0.0018444483860507815)
(1595, 0.0018444483860507815)
(1596, 0.0018444483860507815)
(1597, 0.0018444483860507815)
(1598, 0.0018444483860507815)
(1599, 0.0018444483860507815)
(1600, 0.0018444483860507815)
(1601, 0.0018444483860507815)
(1602, 0.0018444483860507815)
(1603, 0.0018444483860507815)
(1604, 0.0018444483860507815)
(1605, 0.0018444483860507815)
(1606, 0.0018444483860507815)
(1607, 0.0018444483860507815)
(1608, 0.0018444483860507815)
(1609, 0.0018444483860507815)
(1610, 0.0018444483860507815)
(1611, 0.0018444483860507815)
(1612, 0.0018444483860507815)
(1613, 0.0018444483860507815)
(1614, 0.0018444483860507815)
(1615, 0.0018444483860507815)
(1616, 0.0018444483860507815)
(1617, 0.0018444483860507815)
(1618, 0.0018444483860507815)
(1619, 0.0018444483860507815)
(1620, 0.0018444483860507815)
(1621, 0.0018444483860507815)
(1622, 0.0018444483860507815)
(1623, 0.0018444483860507815)
(1624, 0.0018444483860507815)
(1625, 0.0018444483860507815)
(1626, 0.0018444483860507815)
(1627, 0.0018444483860507815)
(1628, 0.0018444483860507815)
(1629, 0.0018444483860507815)
(1630, 0.0018444483860507815)
(1631, 0.0018444483860507815)
(1632, 0.0018444483860507815)
(1633, 0.0018444483860507815)
(1634, 0.0018444483860507815)
(1635, 0.0018444483860507815)
(1636, 0.0018444483860507815)
(1637, 0.0018444483860507815)
(1638, 0.0018444483860507815)
(1639, 0.0018444483860507815)
(1640, 0.0018444483860507815)
(1641, 0.0018444483860507815)
(1642, 0.0018444483860507815)
(1643, 0.0018444483860507815)
(1644, 0.0018444483860507815)
(1645, 0.0018444483860507815)
(1646, 0.0018444483860507815)
(1647, 0.0018444483860507815)
(1648, 0.0018444483860507815)
(1649, 0.0018444483860507815)
(1650, 0.0018444483860507815)
(1651, 0.0018444483860507815)
(1652, 0.0018444483860507815)
(1653, 0.0018444483860507815)
(1654, 0.0018444483860507815)
(1655, 0.0018444483860507815)
(1656, 0.0018444483860507815)
(1657, 0.0018444483860507815)
(1658, 0.0018444483860507815)
(1659, 0.0018444483860507815)
(1660, 0.0018444483860507815)
(1661, 0.0018444483860507815)
(1662, 0.0018444483860507815)
(1663, 0.0018444483860507815)
(1664, 0.0018444483860507815)
(1665, 0.0018444483860507815)
(1666, 0.0018444483860507815)
(1667, 0.0018444483860507815)
(1668, 0.0018444483860507815)
(1669, 0.0018444483860507815)
(1670, 0.0018444483860507815)
(1671, 0.0018444483860507815)
(1672, 0.0018444483860507815)
(1673, 0.0018444483860507815)
(1674, 0.0018444483860507815)
(1675, 0.0018444483860507815)
(1676, 0.0018444483860507815)
(1677, 0.0018444483860507815)
(1678, 0.0018444483860507815)
(1679, 0.0018444483860507815)
(1680, 0.0018444483860507815)
(1681, 0.0018444483860507815)
(1682, 0.0018444483860507815)
(1683, 0.0018444483860507815)
(1684, 0.0018444483860507815)
(1685, 0.0018444483860507815)
(1686, 0.0018444483860507815)
(1687, 0.0018444483860507815)
(1688, 0.0018444483860507815)
(1689, 0.0018444483860507815)
(1690, 0.0018444483860507815)
(1691, 0.0018444483860507815)
(1692, 0.0018444483860507815)
(1693, 0.0018444483860507815)
(1694, 0.0018444483860507815)
(1695, 0.0018444483860507815)
(1696, 0.0018444483860507815)
(1697, 0.0018444483860507815)
(1698, 0.0018444483860507815)
(1699, 0.0018444483860507815)
(1700, 0.0018444483860507815)
(1701, 0.0018444483860507815)
(1702, 0.0018444483860507815)
(1703, 0.0018444483860507815)
(1704, 0.0018444483860507815)
(1705, 0.0018444483860507815)
(1706, 0.0018444483860507815)
(1707, 0.0018444483860507815)
(1708, 0.0018444483860507815)
(1709, 0.0018444483860507815)
(1710, 0.0018444483860507815)
(1711, 0.0018444483860507815)
(1712, 0.0018444483860507815)
(1713, 0.0018444483860507815)
(1714, 0.0018444483860507815)
(1715, 0.0018444483860507815)
(1716, 0.0018444483860507815)
(1717, 0.0018444483860507815)
(1718, 0.0018444483860507815)
(1719, 0.0018444483860507815)
(1720, 0.0018444483860507815)
(1721, 0.0018444483860507815)
(1722, 0.0018444483860507815)
(1723, 0.0018444483860507815)
(1724, 0.0018444483860507815)
(1725, 0.0018444483860507815)
(1726, 0.0018444483860507815)
(1727, 0.0018444483860507815)
(1728, 0.0018444483860507815)
(1729, 0.0018444483860507815)
(1730, 0.0018444483860507815)
(1731, 0.0018444483860507815)
(1732, 0.0018444483860507815)
(1733, 0.0018444483860507815)
(1734, 0.0018444483860507815)
(1735, 0.0018444483860507815)
(1736, 0.0018444483860507815)
(1737, 0.0018444483860507815)
(1738, 0.0018444483860507815)
(1739, 0.0018444483860507815)
(1740, 0.0018444483860507815)
(1741, 0.0018444483860507815)
(1742, 0.0018444483860507815)
(1743, 0.0018444483860507815)
(1744, 0.0018444483860507815)
(1745, 0.0018444483860507815)
(1746, 0.0018444483860507815)
(1747, 0.0018444483860507815)
(1748, 0.0018444483860507815)
(1749, 0.0018444483860507815)
(1750, 0.0018444483860507815)
(1751, 0.0018444483860507815)
(1752, 0.0018444483860507815)
(1753, 0.0018444483860507815)
(1754, 0.0018444483860507815)
(1755, 0.0018444483860507815)
(1756, 0.0018444483860507815)
(1757, 0.0018444483860507815)
(1758, 0.0018444483860507815)
(1759, 0.0018444483860507815)
(1760, 0.0018444483860507815)
(1761, 0.0018444483860507815)
(1762, 0.0018444483860507815)
(1763, 0.0018444483860507815)
(1764, 0.0018444483860507815)
(1765, 0.0018444483860507815)
(1766, 0.0018444483860507815)
(1767, 0.0018444483860507815)
(1768, 0.0018444483860507815)
(1769, 0.0018444483860507815)
(1770, 0.0018444483860507815)
(1771, 0.0018444483860507815)
(1772, 0.0018444483860507815)
(1773, 0.0018444483860507815)
(1774, 0.0018444483860507815)
(1775, 0.0018444483860507815)
(1776, 0.0018444483860507815)
(1777, 0.0018444483860507815)
(1778, 0.0018444483860507815)
(1779, 0.0018444483860507815)
(1780, 0.0018444483860507815)
(1781, 0.0018444483860507815)
(1782, 0.0018444483860507815)
(1783, 0.0018444483860507815)
(1784, 0.0018444483860507815)
(1785, 0.0018444483860507815)
(1786, 0.0018444483860507815)
(1787, 0.0018444483860507815)
(1788, 0.0018444483860507815)
(1789, 0.0018444483860507815)
(1790, 0.0018444483860507815)
(1791, 0.0018444483860507815)
(1792, 0.0018444483860507815)
(1793, 0.0018444483860507815)
(1794, 0.0018444483860507815)
(1795, 0.0018444483860507815)
(1796, 0.0018444483860507815)
(1797, 0.0018444483860507815)
(1798, 0.0018444483860507815)
(1799, 0.0018444483860507815)
(1800, 0.0018444483860507815)
(1801, 0.0018444483860507815)
(1802, 0.0018444483860507815)
(1803, 0.0018444483860507815)
(1804, 0.0018444483860507815)
(1805, 0.0018444483860507815)
(1806, 0.0018444483860507815)
(1807, 0.0018444483860507815)
(1808, 0.0018444483860507815)
(1809, 0.0018444483860507815)
(1810, 0.0018444483860507815)
(1811, 0.0018444483860507815)
(1812, 0.0018444483860507815)
(1813, 0.0018444483860507815)
(1814, 0.0018444483860507815)
(1815, 0.0018444483860507815)
(1816, 0.0018444483860507815)
(1817, 0.0018444483860507815)
(1818, 0.0018444483860507815)
(1819, 0.0018444483860507815)
(1820, 0.0018444483860507815)
(1821, 0.0018444483860507815)
(1822, 0.0018444483860507815)
(1823, 0.0018444483860507815)
(1824, 0.0018444483860507815)
(1825, 0.0018444483860507815)
(1826, 0.0018444483860507815)
(1827, 0.0018444483860507815)
(1828, 0.0018444483860507815)
(1829, 0.0018444483860507815)
(1830, 0.0018444483860507815)
(1831, 0.0018444483860507815)
(1832, 0.0018444483860507815)
(1833, 0.0018444483860507815)
(1834, 0.0018444483860507815)
(1835, 0.0018444483860507815)
(1836, 0.0018444483860507815)
(1837, 0.0018444483860507815)
(1838, 0.0018444483860507815)
(1839, 0.0018444483860507815)
(1840, 0.0018444483860507815)
(1841, 0.0018444483860507815)
(1842, 0.0018444483860507815)
(1843, 0.0018444483860507815)
(1844, 0.0018444483860507815)
(1845, 0.0018444483860507815)
(1846, 0.0018444483860507815)
(1847, 0.0018444483860507815)
(1848, 0.0018444483860507815)
(1849, 0.0018444483860507815)
(1850, 0.0018444483860507815)
(1851, 0.0018444483860507815)
(1852, 0.0018444483860507815)
(1853, 0.0018444483860507815)
(1854, 0.0018444483860507815)
(1855, 0.0018444483860507815)
(1856, 0.0018444483860507815)
(1857, 0.0018444483860507815)
(1858, 0.0018444483860507815)
(1859, 0.0018444483860507815)
(1860, 0.0018444483860507815)
(1861, 0.0018444483860507815)
(1862, 0.0018444483860507815)
(1863, 0.0018444483860507815)
(1864, 0.0018444483860507815)
(1865, 0.0018444483860507815)
(1866, 0.0018444483860507815)
(1867, 0.0018444483860507815)
(1868, 0.0018444483860507815)
(1869, 0.0018444483860507815)
(1870, 0.0018444483860507815)
(1871, 0.0018444483860507815)
(1872, 0.0018444483860507815)
(1873, 0.0018444483860507815)
(1874, 0.0018444483860507815)
(1875, 0.0018444483860507815)
(1876, 0.0018444483860507815)
(1877, 0.0018444483860507815)
(1878, 0.0018444483860507815)
(1879, 0.0018444483860507815)
(1880, 0.0018444483860507815)
(1881, 0.0018444483860507815)
(1882, 0.0018444483860507815)
(1883, 0.0018444483860507815)
(1884, 0.0018444483860507815)
(1885, 0.0018444483860507815)
(1886, 0.0018444483860507815)
(1887, 0.0018444483860507815)
(1888, 0.0018444483860507815)
(1889, 0.0018444483860507815)
(1890, 0.0018444483860507815)
(1891, 0.0018444483860507815)
(1892, 0.0018444483860507815)
(1893, 0.0018444483860507815)
(1894, 0.0018444483860507815)
(1895, 0.0018444483860507815)
(1896, 0.0018444483860507815)
(1897, 0.0018444483860507815)
(1898, 0.0018444483860507815)
(1899, 0.0018444483860507815)
(1900, 0.0018444483860507815)
(1901, 0.0018444483860507815)
(1902, 0.0018444483860507815)
(1903, 0.0018444483860507815)
(1904, 0.0018444483860507815)
(1905, 0.0018444483860507815)
(1906, 0.0018444483860507815)
(1907, 0.0018444483860507815)
(1908, 0.0018444483860507815)
(1909, 0.0018444483860507815)
(1910, 0.0018444483860507815)
(1911, 0.0018444483860507815)
(1912, 0.0018444483860507815)
(1913, 0.0018444483860507815)
(1914, 0.0018444483860507815)
(1915, 0.0018444483860507815)
(1916, 0.0018444483860507815)
(1917, 0.0018444483860507815)
(1918, 0.0018444483860507815)
(1919, 0.0018444483860507815)
(1920, 0.0018444483860507815)
(1921, 0.0018444483860507815)
(1922, 0.0018444483860507815)
(1923, 0.0018444483860507815)
(1924, 0.0018444483860507815)
(1925, 0.0018444483860507815)
(1926, 0.0018444483860507815)
(1927, 0.0018444483860507815)
(1928, 0.0018444483860507815)
(1929, 0.0018444483860507815)
(1930, 0.0018444483860507815)
(1931, 0.0018444483860507815)
(1932, 0.0018444483860507815)
(1933, 0.0018444483860507815)
(1934, 0.0018444483860507815)
(1935, 0.0018444483860507815)
(1936, 0.0018444483860507815)
(1937, 0.0018444483860507815)
(1938, 0.0018444483860507815)
(1939, 0.0018444483860507815)
(1940, 0.0018444483860507815)
(1941, 0.0018444483860507815)
(1942, 0.0018444483860507815)
(1943, 0.0018444483860507815)
(1944, 0.0018444483860507815)
(1945, 0.0018444483860507815)
(1946, 0.0018444483860507815)
(1947, 0.0018444483860507815)
(1948, 0.0018444483860507815)
(1949, 0.0018444483860507815)
(1950, 0.0018444483860507815)
(1951, 0.0018444483860507815)
(1952, 0.0018444483860507815)
(1953, 0.0018444483860507815)
(1954, 0.0018444483860507815)
(1955, 0.0018444483860507815)
(1956, 0.0018444483860507815)
(1957, 0.0018444483860507815)
(1958, 0.0018444483860507815)
(1959, 0.0018444483860507815)
(1960, 0.0018444483860507815)
(1961, 0.0018444483860507815)
(1962, 0.0018444483860507815)
(1963, 0.0018444483860507815)
(1964, 0.0018444483860507815)
(1965, 0.0018444483860507815)
(1966, 0.0018444483860507815)
(1967, 0.0018444483860507815)
(1968, 0.0018444483860507815)
(1969, 0.0018444483860507815)
(1970, 0.0018444483860507815)
(1971, 0.0018444483860507815)
(1972, 0.0018444483860507815)
(1973, 0.0018444483860507815)
(1974, 0.0018444483860507815)
(1975, 0.0018444483860507815)
(1976, 0.0018444483860507815)
(1977, 0.0018444483860507815)
(1978, 0.0018444483860507815)
(1979, 0.0018444483860507815)
(1980, 0.0018444483860507815)
(1981, 0.0018444483860507815)
(1982, 0.0018444483860507815)
(1983, 0.0018444483860507815)
(1984, 0.0018444483860507815)
(1985, 0.0018444483860507815)
(1986, 0.0018444483860507815)
(1987, 0.0018444483860507815)
(1988, 0.0018444483860507815)
(1989, 0.0018444483860507815)
(1990, 0.0018444483860507815)
(1991, 0.0018444483860507815)
(1992, 0.0018444483860507815)
(1993, 0.0018444483860507815)
(1994, 0.0018444483860507815)
(1995, 0.0018444483860507815)
(1996, 0.0018444483860507815)
(1997, 0.0018444483860507815)
(1998, 0.0018444483860507815)
(1999, 0.0018444483860507815)
